0	171	0	0
0	165	1	2
2	1	1	168
1	168	2	0
169	0	2	0
1	0	167	2
0	1	171	1
0	0	1	173
1	173	1	0
174	0	1	1
0	172	2	0
1	1	0	174
3	169	0	5
1	0	0	176
4	1	1	170
0	0	10	173
0	1	180	0
0	0	173	0
0	182	1	0
181	0	0	2
177	0	0	0
0	183	1	0
0	0	184	0
183	0	2	0
2	182	1	0
0	185	0	0
0	172	2	5
0	181	3	1
0	0	0	204
1	203	1	1
0	1	201	2
0	1	1	202
1	199	4	0
204	0	0	0
0	196	1	0
193	8	1	3
194	1	1	2
1	1	0	197
186	0	1	1
187	0	0	0
185	0	1	0
2	0	192	0
187	3	1	1
1	1	0	190
188	0	0	0
0	3	96	1
1	4	91	2
17	19	63	22
10	5	139	4
1	1	138	1
15	70	115	11
38	1815	6	10
1889	5	4	5
1867	20	7	8
10	1913	6	17
3	0	3	1933
1900	14	5	10
1987	7	4	5
1968	10	18	7
20	12	2272	10
4	12	2318	4
2376	3	4	5
2357	8	17	7
4	11	2422	4
10	2400	8	10
9	33	8	2435
8	2454	9	26
6	7	6	2479
2479	10	13	7
9	9	3	2517
5	6	8	2503
2569	5	10	5
9	8	2572	6
2596	10	6	6
4	6	4	2609
2619	6	7	7
6	2623	3	4
2620	32	13	5
13	7	2649	15
5	2	2645	6
2691	9	2	12
9	7	2700	9
6	2688	4	10
2690	33	9	13
7	3	2721	5
2722	5	3	6
3	13	9	2708
11	12	2705	9
2722	8	9	6
6	9	3	2734
2728	5	7	9
5	2720	5	6
2718	22	12	13
6	4	2739	5
6	6	12	2724
2721	14	12	10
10	15	6	2733
2	6	10	2716
2728	6	8	13
15	14	2723	3
2727	8	16	4
2694	7	10	6
5	6	2704	6
2495	5	9	4
2441	8	8	5
2458	12	5	11
3	5	11	2433
10	3	2418	5
2408	6	4	6
6	3	2392	1
6	8	14	2165
8	11	9	2150
7	5	41	2115
6	1	2099	9
2	2104	7	6
5	2067	3	4
2049	6	10	10
7	2	2027	6
7	6	1995	3
1953	10	5	10
1972	14	6	3
7	4	1940	4
1939	7	20	6
0	1	30	1927
2	6	1868	0
0	0	1894	0
1663	8	2	5
1645	4	12	4
1615	2	10	7
5	1617	1	2
0	1588	10	0
426	8	4	10
435	13	3	6
435	4	5	3
422	9	10	1
422	4	3	175
0	1	170	427
2	2	424	2
591	2	1	0
2	0	2	586
570	1	1	15
5	2	374	1
5	5	368	5
14	26	313	9
6	5	379	6
3	3	396	2
1383	5	5	8
1403	3	7	4
4	2	4	1452
5	1	5	1450
4	3	1488	3
5	6	1472	4
1506	9	2	7
8	4	1514	3
3	2	1516	4
36	10	16	1493
10	5	4	1600
10	35	9	1578
3	20	7	1589
2657	5	15	7
9	9	11	2644
16	2669	5	16
2713	12	5	9
2727	12	8	9
2672	16	34	15
6	11	3256	19
16	7	9	3268
3251	18	10	18
3317	13	12	4
5	10	3417	6
3415	10	40	15
52	3460	7	6
3446	5	43	13
25	17	3442	13
6	12	8	3521
3532	9	11	8
0	13	0	3550
11	9	3560	10
3590	8	10	9
12	11	7	3604
45	3615	9	10
3598	16	47	8
22	12	3610	8
3665	11	12	7
6	14	9	3683
3687	12	10	25
10	3717	11	25
5	25	3	3724
12	3706	16	18
3753	6	19	9
9	12	16	3756
3778	9	16	13
7	14	3808	8
3797	10	9	6
3726	13	25	21
3800	28	5	37
5	24	8	4381
22	4366	28	30
11	3	4	4391
10	10	4389	19
13	19	23	4425
8	8	4460	5
12	9	4391	6
4503	19	16	31
10	4540	7	17
4536	11	12	2
1	20	13	4565
4444	17	22	13
4455	18	13	18
4364	14	46	15
18	35	5028	21
15	5053	15	16
31	47	12	5045
5078	14	10	15
11	13	16	5095
5080	20	11	23
15	13	5073	13
14	13	5030	12
20	22	12	5125
5133	17	12	15
16	5108	10	10
5102	68	29	18
16	14	5152	12
9	16	14	5145
5117	18	31	29
22	21	14	5091
9	19	14	5055
5144	15	18	11
29	8	5132	18
18	15	14	5148
5135	17	17	24
13	12	5108	14
13	14	5047	15
5142	19	12	21
16	5150	8	9
7	5114	10	12
20	19	20	5180
5192	10	13	22
10	5153	18	22
5184	49	24	22
15	5171	15	8
14	5111	10	21
19	13	20	5165
20	20	5152	46
18	51	15	5122
20	5111	21	28
5092	11	19	12
5043	60	14	7
9	5031	11	14
5058	12	12	15
6	10	5	5076
4920	30	17	24
4954	14	17	15
14	8	8	4895
28	63	15	4773
6	7	4810	9
14	14	4743	8
4643	12	16	26
4676	25	9	14
23	9	4634	7
4062	12	107	18
4153	10	10	6
4114	22	19	10
6	18	8	4222
11	4226	12	36
18	15	13	4213
18	16	4203	5
10	12	13	4173
8	8	64	4120
11	8	4119	9
4156	9	14	6
10	4112	13	12
16	54	20	4110
40	4122	19	10
4102	9	39	9
24	9	4075	12
4108	9	14	4
5	7	6	4046
24	21	10	3960
6	9	3947	10
8	4	3914	3
14	24	16	3802
5	0	31	3852
5	36	3795	8
7	3796	12	27
3805	8	19	5
6	3279	8	3
31	538	20	3255
18	37	13	3293
3	7	12	3305
2918	14	8	16
2943	13	7	6
2890	19	10	3
20	14	13	1959
9	8	4	2003
11	7	9	1997
8	85	7	1948
7	2333	4	3
9	2322	10	3
80	2192	13	18
2398	10	6	61
3	4	9	2466
62	16	7	2378
2420	5	45	16
12	37	2416	3
6	2322	25	22
7	2366	2	8
8	2306	6	10
17	8	10	2430
2447	10	5	11
6	10	4	2450
8	10	6	2434
22	11	2442	5
2430	9	23	4
12	5	2408	12
2439	5	3	2
6	2403	8	9
15	32	9	2405
4	10	2421	8
7	8	5	2413
2394	11	14	16
3	2396	5	3
5	2369	9	3
2388	11	14	8
11	8	2378	9
4	5	9	2381
1848	11	11	25
1919	6	10	10
1910	7	13	12
1916	8	14	16
9	10	8	2282
7	2	6	2281
2166	7	7	22
2237	7	5	2
2222	8	10	5
21	4	2221	5
7	2217	6	5
12	2182	7	8
2191	11	8	6
6	7	2187	8
7	5	2156	5
2137	11	11	6
2166	6	5	8
4	3	3	2156
7	8	2111	6
5	3	2141	3
2117	9	8	4
8	7	7	2110
5	8	2092	3
4	18	2072	6
14	1834	17	10
0	1931	4	3
1	1901	11	3
1376	62	18	10
1428	7	4	5
1421	4	4	4
1408	5	10	4
3	3	1424	7
5	2	4	1417
7	6	8	1389
1328	4	3	5
1324	3	5	3
1287	7	8	2
2	1323	3	7
1300	3	4	9
1284	3	6	4
0	0	16	1298
4	2	1268	0
0	0	1280	0
5	1261	4	5
6	1240	3	8
1247	5	12	5
5	14	4	1229
3	5	14	1222
15	8	1190	4
1213	3	6	4
5	1190	4	3
1191	20	6	7
16	5	1183	2
1173	3	13	2
1164	3	11	2
21	6	1134	1
153	4	22	1
116	11	10	4
115	10	7	4
113	9	11	1
116	7	6	8
125	3	3	17
3	3	0	510
502	0	1	18
520	3	1	1
519	5	2	1
516	0	11	3
1	3	594	2
2	590	3	2
595	3	2	2
1	3	2	600
1	1	3	596
605	0	1	3
4	2	596	3
0	2	1	602
601	2	2	4
1	3	607	0
594	1	3	4
590	3	2	3
599	3	1	3
5	0	2	604
1	3	1	602
2	0	0	604
1	1	627	3
2	1	6	624
625	2	2	2
2	625	0	3
624	7	4	2
3	2	634	1
629	1	7	0
1	4	628	0
633	1	1	5
1	2	6	630
0	0	631	1
0	1	642	0
613	1	1	2
593	1	2	3
620	1	2	1
613	2	7	2
7	0	675	1
2	0	684	0
678	4	0	3
675	3	7	1
1	0	685	3
2	0	686	2
13	6	658	9
698	2	2	1
696	2	5	3
684	1	7	2
672	4	3	35
1	2	0	761
2	5	3	750
3	8	3	720
7	408	1	4
401	330	6	8
425	9	12	5
430	3	5	7
422	3	10	4
423	5	1	10
2	0	0	480
2	3	6	466
0	1	464	1
0	2	459	1
2	4	443	2
0	455	2	1
1	449	1	0
1	1	2	447
0	1	447	0
403	0	0	1
387	2	1	0
398	1	0	0
391	2	3	2
0	1	1	443
0	439	1	2
1	434	2	2
430	2	2	3
2	1	1	438
434	2	0	1
0	435	0	3
436	0	0	0
429	0	0	0
1	2	0	429
430	4	0	0
1	427	1	2
4	0	3	425
0	423	3	0
0	411	4	1
421	1	2	0
2	1	415	1
2	2	1	411
405	4	4	3
1	2	1	395
1	1	0	395
1	4	0	383
1	8	388	1
0	389	2	0
0	388	0	2
384	5	1	0
0	2	1	383
355	2	1	2
351	4	1	2
345	2	3	0
6	0	351	0
152	3	3	1
143	1	9	5
110	10	14	7
147	10	8	11
165	13	13	1
181	12	42	14
36	3	1662	1
1654	40	2	3
6	1671	9	10
1709	4	4	6
8	5	1689	5
3	6	21	1720
1741	5	3	4
2	1744	2	8
8	25	9	1749
1766	7	6	2
1770	5	7	8
1750	6	15	8
0	0	36	2036
4	6	2021	0
0	1	2054	0
2104	13	4	5
4	5	2046	3
2004	9	83	12
2106	9	9	7
2101	12	12	14
2113	9	23	29
10	15	1	3353
4	3	10	3375
3426	8	11	23
20	12	3441	9
9	9	10	3461
3455	11	19	19
8	6	3488	12
3503	7	13	4
13	18	9	3429
9	10	10	3550
9	25	8	3539
10	3939	9	42
3975	40	11	12
7	8	3992	15
4001	11	44	13
12	11	4035	7
4059	5	12	16
4027	14	23	13
8	4139	5	53
15	11	17	4173
31	16	13	4112
4261	9	9	14
4219	16	10	11
1	12	14	4339
4346	9	11	18
4308	8	54	15
13	8	4380	10
4419	11	13	10
10	6	4391	19
4383	8	80	14
4447	15	7	15
8	4392	14	10
20	57	18	4386
12	4405	9	9
4372	18	13	7
4310	8	24	14
24	12	4350	10
4324	25	10	8
12	4314	9	15
19	15	12	4302
14	59	11	4257
15	4247	7	7
0	0	37	4283
2	0	3925	0
0	2	3988	0
11	10	3914	11
3944	7	9	5
3882	13	19	11
11	20	3884	7
11	7	14	3869
10	14	16	3817
10	3823	8	11
3780	13	13	10
3724	11	17	7
12	10	8	3684
8	8	4	3635
3620	12	19	10
9	12	3563	3
14	8	3508	3
3432	9	9	11
3452	7	8	12
8	16	8	3417
3371	20	14	26
11	3326	9	11
12	3289	5	9
3274	11	18	13
7	3282	2	9
3255	9	12	0
9	14	3	3248
11	2762	6	3
3	2758	7	4
21	2653	24	17
7	4	2716	8
6	2689	14	8
2660	15	23	9
2	1	2304	0
0	2	2290	0
9	10	2170	86
17	7	19	2171
3	8	8	2086
143	3	8	48
114	6	3	1
93	8	8	0
65	11	12	6
68	13	2	0
63	0	12	1
15	1	69	0
30	0	1	0
19	2	10	1
21	1	2	1
23	1	0	3
25	3	0	2
32	1	4	8
1	9	1	354
6	356	1	3
363	5	4	1
3	0	371	1
3	0	0	376
379	0	3	0
383	0	1	4
0	393	0	1
390	4	4	2
2	1	395	5
2	1	0	402
413	1	0	2
0	421	1	2
2	1	2	422
0	1	424	3
1	0	435	1
447	2	1	0
2	1	2	449
0	0	456	2
2	0	2	457
1	2	453	3
1	0	464	3
3	1	467	1
4	1	3	515
2	2	521	2
528	0	0	0
0	1	0	532
4	2	532	2
2	538	0	0
539	6	4	2
3	5	0	549
557	0	3	4
4	7	2	512
7	4	6	565
12	7	10	559
3	134	11	555
115	11	17	595
17	2392	104	1
2428	34	14	102
27	15	2465	58
9	50	16	2532
11	15	9	2529
2	2719	3	0
6	2692	11	11
17	2540	19	85
27	53	16	3085
12	6	10	3139
3209	16	15	27
6	8	3252	5
3269	6	8	8
3	10	11	3283
13	9	3293	6
3311	8	9	9
3287	9	20	7
43	10	3385	11
3371	47	10	8
10	3367	14	18
6	6	8	3449
7	47	7	3403
14	3421	9	7
3497	31	12	8
12	4	3486	9
8	5	3519	8
3586	9	11	9
3537	12	55	8
10	9	3589	8
9	8	11	3650
3649	14	12	12
0	15	1	3655
3668	8	9	9
6	3667	5	6
16	42	11	3663
11	11	3682	7
12	3675	6	10
3687	44	12	13
14	7	1	3687
16	10	11	3689
17	29	13	3617
4119	50	17	4
7	4094	19	11
23	4102	8	19
4195	10	11	12
12	11	9	4200
4188	19	16	25
18	4236	14	9
11	4206	11	10
14	11	17	4297
4304	9	13	14
12	14	4278	14
15	16	34	4295
4290	10	17	11
4	9	12	4307
3929	17	17	22
4037	10	15	8
3994	30	13	15
1	4326	19	17
4308	11	10	13
4273	12	11	7
8	18	12	4322
43	15	4309	15
4292	8	36	10
22	9	4270	12
4309	8	15	12
14	4269	17	6
4299	44	16	12
10	4267	13	9
7	4238	10	9
4281	10	36	15
9	13	3958	10
6	12	3930	12
60	27	3809	32
4212	7	11	40
5	10	14	4213
31	14	11	4140
4214	15	22	13
8	12	4218	12
4218	12	39	13
7	9	5	4257
4233	3	15	14
0	30	1	4234
48	4240	13	12
4205	9	49	5
15	19	4188	16
36	7	10	4254
4214	37	13	12
0	4226	2	16
4202	11	14	2
4153	12	14	10
7	16	6	4209
18	10	4191	33
12	17	31	4168
15	28	4148	14
13	4160	14	35
6	15	8	4093
19	25	23	3978
12	3991	8	8
14	3921	12	11
3948	5	14	21
34	3920	14	11
3901	16	19	10
35	19	3404	8
11	10	3480	11
10	12	3477	6
3478	22	19	21
1	0	45	3489
4	12	3343	1
0	0	3405	1
3020	15	4	8
2998	8	13	11
2914	15	23	16
5	13	2962	11
6	11	2908	9
2924	12	9	21
16	8	11	2923
9	2886	9	8
2885	42	10	18
8	2867	10	10
3	2836	10	7
2829	12	13	13
15	5	2819	5
10	2775	16	8
2700	41	16	9
2726	5	5	13
6	10	9	2688
2682	9	7	11
8	15	6	2619
4	27	7	2592
5	2487	4	8
3	2506	8	5
2139	12	5	6
2105	8	8	5
2125	4	1	8
8	8	2101	3
3	6	25	2093
2096	7	15	5
3	17	2065	8
4	2060	14	10
2061	5	3	17
3	10	15	2035
7	7	2033	10
2000	8	22	1
20	484	2	2
451	1546	11	19
483	9	4	3
466	11	8	8
455	10	15	10
465	12	3	17
3	4	5	841
7	836	2	22
5	23	0	838
0	1	0	866
862	1	6	13
13	2	873	3
864	3	14	2
8	2	866	4
1	884	3	2
1	876	2	1
5	7	8	746
3	3	4	781
9	1	2	786
2	6	8	786
1095	6	4	0
5	3	1073	0
1017	6	41	6
1056	3	4	9
1064	6	4	6
1065	13	18	4
7	1615	2	6
1591	7	10	1
1539	8	8	13
1616	7	9	8
1624	10	14	4
1	9	10	2772
6	2792	10	10
7	2784	6	9
2881	8	14	9
24	7	2880	7
2859	24	5	8
8	2887	8	15
2914	12	8	10
5	8	3	2937
2944	13	9	13
7	6	2972	5
7	8	9	2994
18	11	10	2953
3028	8	9	20
8	18	8	3018
13	3031	6	17
17	15	8	3050
3072	2	9	15
3	28	1	3077
10	3086	8	12
3117	7	9	8
3090	5	9	8
34	7	12	3176
3161	42	6	8
1	3170	1	12
3213	10	7	19
7	8	19	3200
6	7	3160	10
9	8	3208	5
3191	7	8	7
8	11	7	3192
8	12	3194	6
3193	10	11	7
9	16	7	3091
8	16	12	3135
11	22	7	3133
6	10	3180	0
6	12	7	3165
3175	4	3	10
0	15	1	3150
11	8	3157	3
10	9	5	3158
3142	10	7	15
10	7	3142	8
8	10	3115	8
3120	13	13	11
10	7	5	3135
5	3110	4	6
7	38	9	3108
21	6	3111	7
3084	26	9	6
10	3026	3	17
7	59	9	2991
4	9	10	3024
2986	9	14	24
9	14	2977	10
2618	5	19	8
2559	11	16	3
2590	12	13	10
5	6	8	2614
2603	9	5	10
11	7	2293	5
7	10	2276	8
12	22	2207	12
20	2277	4	5
2257	4	21	5
15	4	2242	5
4	2259	5	3
2233	8	1	0
2	17	4	2219
2213	8	11	1
14	6	2195	6
2128	4	28	1
2111	3	4	8
23	571	6	1
538	1548	15	18
590	14	9	4
575	7	13	8
572	5	18	11
585	8	15	9
2	3	5	1378
1375	3	4	9
11	2	1373	4
1365	2	8	3
5	1	1347	7
3	4	1359	1
1345	5	4	4
8	8	1326	4
2	1328	4	14
4	3	5	1327
2	4	1329	0
1317	4	5	4
6	3	1315	5
1311	3	15	3
5	1311	8	3
1306	6	7	3
1297	7	7	3
4	1303	5	2
1300	2	2	0
6	9	5	1281
1	1286	5	14
1	5	4	1291
0	7	1285	3
6	7	2	1272
3	3	10	1267
8	3	1255	4
1270	6	4	2
4	5	1259	0
5	3	1258	2
0	0	5	1259
0	0	1104	2
0	1	1129	1
2	4	1116	7
6	7	1082	3
1138	13	3	3
4	1134	3	12
3	3	5	1135
11	6	6	1113
1127	8	3	1
1	1120	3	3
5	1112	8	6
1115	2	2	7
2	1108	4	2
1110	8	6	5
2	1112	2	5
3	1096	4	5
1093	3	11	4
18	1	1088	1
1083	13	2	0
5	1075	1	10
144	22	0	0
129	5	5	6
102	6	11	6
126	9	2	6
131	11	7	3
149	13	9	13
2	1617	0	1
1625	2	2	0
1	15	1	1639
29	1639	3	3
1625	2	30	5
9	9	1629	6
1664	4	9	8
1680	4	2	3
1642	4	26	9
7	12	1903	5
1914	8	6	10
1911	3	6	5
3	1985	4	3
1	1980	6	3
6	3	12	2032
2	2049	7	3
5	2042	5	2
2105	6	9	14
11	6	4	2129
8	30	5	2107
5	2122	3	6
6	2168	8	20
6	5	4	2242
21	11	13	2179
0	0	320	2281
6	6	2540	0
0	1	2331	0
2637	8	18	16
16	9	8	2638
6	8	2563	30
4	5	2696	5
5	7	2703	9
10	6	31	3003
11	7	6	3035
3040	8	5	5
1	8	0	3045
9	7	3042	8
3056	4	7	7
3024	6	13	10
8	3053	10	20
7	18	3	3047
12	3009	13	17
9	3070	10	9
3065	12	8	0
10	22	4	3059
7	3088	7	9
13	3041	8	12
9	11	11	3085
8	4	3093	7
3085	13	8	7
4	11	5	3098
2888	10	8	13
2877	6	15	11
2819	4	36	8
2	1	42	2916
6	7	2836	2
0	1	2879	0
2879	8	11	5
7	2855	10	7
2855	47	7	8
15	8	2849	9
7	11	6	2853
2826	10	15	15
20	2847	5	9
2819	7	21	10
15	13	2805	9
6	2803	11	15
14	2771	7	4
8	10	9	2790
2780	7	15	4
9	8	5	2786
2767	17	10	10
3	6	2778	24
5	12	24	2753
12	13	2735	15
4	2744	16	29
8	10	16	2733
5	11	2731	8
11	2709	5	4
4	2660	9	4
2628	14	20	34
46	9	2608	4
700	15	52	7
615	13	23	12
671	14	11	11
669	12	18	7
662	15	40	19
26	3	1592	2
1571	31	3	2
11	1582	3	12
1607	3	19	5
6	16	1603	5
7	1619	0	14
0	1	50	1626
4	1	1621	0
1	0	1625	0
1656	5	4	9
6	1654	1	6
9	17	12	1663
6	4	1677	12
7	16	2	1665
6	1651	13	9
1665	8	5	3
1666	4	3	5
1	9	3	1691
36	2	1684	2
1681	34	0	2
5	1672	4	9
1699	3	4	6
6	5	3	1697
1701	7	6	4
27	1710	2	4
1695	9	26	3
6	2	1693	6
1707	6	6	5
1688	4	25	2
3	5	1689	4
7	8	4	1714
2	2	5	1711
1734	5	9	7
6	4	1734	8
6	4	8	1738
5	11	1526	14
9	10	1593	7
9	5	1593	7
49	16	1555	15
2067	7	3	3
2084	1	3	7
2043	12	13	9
11	9	7	2249
5	3	23	2257
7	4	2271	6
2300	7	8	5
2305	3	3	2
5	9	10	2307
0	1	47	2352
1	0	2303	1
1	3	2322	1
5	9	2311	6
8	2526	5	3
2477	39	9	38
2543	6	6	5
11	8	2549	7
8	17	6	2554
41	2540	6	4
2514	7	39	7
22	4	2515	9
2545	10	12	7
10	10	10	2473
13	20	11	2422
195	11	2	2489
2481	190	4	5
1	2317	3	10
10	2567	8	5
5	2548	6	3
2808	17	19	9
5	2	2742	5
5	10	2717	7
36	7	2660	18
2977	6	13	21
5	7	6	3013
25	8	10	2965
2985	11	8	5
2984	10	7	12
2918	10	46	13
12	8	3292	24
14	10	6	3322
3301	11	10	20
3352	15	67	3
16	10	3350	11
14	14	3326	12
7	3437	10	8
3457	9	13	4
3434	5	14	13
12	11	5	3521
12	9	8	3508
3534	11	18	11
10	1	6	3543
10	7	3547	16
12	29	18	3576
3446	7	9	24
3448	21	10	6
3368	16	20	11
7	3817	13	39
4	27	11	3816
19	3756	12	25
16	3817	11	36
7	7	12	3911
49	14	24	3819
3942	16	14	10
14	8	3956	7
3982	12	30	8
9	9	3985	9
10	15	3933	15
3985	15	11	15
4030	101	9	12
14	4040	14	11
30	3990	13	17
3996	21	13	13
4002	18	15	11
3921	9	53	13
8	25	4537	17
19	4539	18	13
4566	45	13	14
15	4564	19	40
13	18	9	4564
4506	19	21	17
4580	11	12	11
3	4575	10	14
4565	55	16	16
5	13	4602	7
4571	12	15	13
4500	14	27	17
8	14	4591	11
14	17	12	4570
4477	13	23	31
4541	15	11	14
4	14	11	4574
4551	25	6	22
14	4545	6	8
11	4493	12	13
4540	15	13	19
23	4512	16	44
8	19	10	4527
4481	16	22	13
4526	14	8	15
5	4500	14	14
4498	58	14	18
11	14	4505	16
4474	13	8	5
4398	11	24	19
8	12	4459	12
4404	8	11	7
4327	16	20	12
9	8	4392	13
8	4343	15	15
4334	39	16	30
51	15	4334	10
4300	12	47	7
25	11	4301	9
12	4323	7	49
14	15	13	4289
4297	19	24	15
15	11	4313	20
4261	13	15	11
4189	23	25	11
18	4242	8	32
10	13	20	4220
24	16	4086	10
6	3	4155	7
7	4116	22	10
4074	53	23	17
35	14	4079	3
2462	8	46	13
2344	20	22	12
2447	12	16	14
2424	25	15	12
3	2755	9	7
2740	28	11	6
8	6	2747	4
2741	6	32	10
21	4	2748	8
2723	5	24	8
19	10	2704	9
2714	7	10	11
4	11	4	2689
13	24	3	2649
12	2670	9	35
6	14	5	2663
1852	16	14	17
1919	9	13	6
1913	12	13	6
1906	5	39	11
14	6	2479	4
2475	3	8	7
2409	8	37	9
2	2506	4	3
11	2459	7	13
2489	5	18	11
12	8	2497	3
7	4	6	2512
2506	6	6	11
8	2509	3	5
2509	9	4	0
4	11	9	2509
7	6	2497	7
8	7	2468	5
2501	5	7	12
11	8	2503	11
6	7	14	2487
10	11	2470	14
10	6	5	2482
2496	8	4	3
1	10	0	2453
10	4	12	2441
2474	4	3	8
0	4	1	2463
25	2	2459	5
2442	16	5	4
10	2209	8	15
7	2298	4	4
8	2291	5	7
2348	27	17	20
21	5	6	2367
1	1941	6	6
1941	437	13	29
1989	24	11	13
2001	10	5	9
1992	13	33	6
24	4	2529	1
2490	26	4	9
13	2439	5	17
11	56	9	2464
5	9	9	2523
2514	10	11	37
2545	9	4	10
4	3	5	2575
2541	8	11	14
10	6	2559	8
10	2532	10	6
2526	35	15	12
8	5	2556	8
2458	6	15	4
2404	8	12	12
2467	6	10	8
6	7	7	2629
2611	14	7	18
24	2635	6	7
2605	8	25	10
17	3	2602	8
2593	9	9	8
2570	1	34	9
13	9	2543	3
18	2553	13	10
2536	13	15	4
23	14	1903	15
12	8	1978	14
5	9	1976	15
14	24	1940	20
10	2055	3	2
2053	5	10	6
2027	8	13	5
2	4	2052	4
3	25	2019	2
11	1985	5	6
2	2023	11	2
1999	2	6	4
1977	4	3	3
0	2	24	1981
9	6	1921	0
1	0	1969	0
1965	1	3	7
8	1943	10	5
1948	21	7	7
4	4	8	1945
1937	6	8	6
0	19	1	1932
6	1909	7	6
1786	10	3	7
1768	4	7	4
1767	5	1	4
5	8	2	1601
6	10	3	1559
6	8	3	1588
1587	6	5	0
0	19	0	1569
5	1561	6	4
1540	5	4	4
1513	1	10	3
16	3	1519	2
1500	4	12	6
6	2	1502	4
6	1491	2	5
7	1472	1	4
1473	4	4	14
5	2	0	1317
7	2	6	1302
1	5	4	1259
451	6	2	2
433	5	9	7
394	5	16	5
427	5	7	6
439	3	9	3
0	2	2	811
4	809	2	10
0	4	4	814
5	1	802	4
732	4	3	3
729	5	4	1
711	5	7	0
734	5	1	7
0	932	4	3
929	12	3	6
4	4	936	2
0	3	932	1
859	3	1	3
873	5	7	10
880	6	5	2
883	8	5	3
0	2	2	1220
1219	4	2	1
0	3	0	1221
3	2	1232	2
3	1224	5	4
1220	17	8	6
1239	6	3	2
1	4	1241	1
1235	1	19	9
1258	4	2	4
6	4	4	1244
8	2	1241	4
1245	8	2	3
4	5	1137	2
13	5	1173	4
7	5	1172	8
8	0	1179	4
5	5	5	1198
5	12	1188	7
1	1178	8	3
5	1183	5	3
16	1191	3	5
1191	11	2	0
2	1180	3	8
1197	2	4	0
2	1192	2	3
4	10	3	1193
1196	2	2	5
1186	4	4	3
2	2	3	1194
5	9	1183	6
1197	3	2	1
4	3	1	1190
2	3	1193	3
1	3	3	1187
964	2	7	13
1009	5	2	3
1011	1	3	4
1004	1	6	3
2	1028	1	2
1018	5	0	5
1007	2	8	3
6	7	1	1004
3	3	3	995
980	4	6	2
982	2	3	4
1	975	1	2
968	12	4	4
8	7	962	3
958	2	8	2
2	1	936	2
2	2	943	3
1	929	3	0
925	9	4	2
2	1	927	6
1	3	7	910
5	9	900	2
2	894	5	0
144	8	2	1
111	5	14	4
126	8	4	7
113	11	11	8
130	3	11	7
151	4	12	7
4	3	0	918
921	8	4	17
947	25	2	2
0	966	2	3
9	947	3	6
991	4	3	2
4	991	0	1
990	12	5	6
1	4	1011	4
1003	5	7	1
991	3	7	3
1013	5	3	2
3	3	1074	1
4	1080	10	8
1090	3	4	1
4	1	1	1095
1100	5	3	5
4	4	1106	4
3	0	2	1113
1095	2	7	7
1117	4	5	3
2	4	2	1122
1131	4	3	6
1	0	7	1139
0	1	1065	0
0	0	1127	1
4	4	1117	8
7	6	1081	8
1369	5	22	6
1409	4	2	2
1396	4	15	2
8	4	1504	5
1514	4	3	3
4	1505	7	6
10	19	6	1503
6	1529	2	7
2	1533	6	0
5	4	6	1547
1551	1	6	8
1559	6	4	4
1540	6	17	3
5	4	7	1665
8	11	4	1670
1	7	5	1658
1817	2	6	2
1831	4	1	5
1803	6	13	9
3	1965	5	18
4	3	18	1959
3	6	1971	8
3	1926	9	6
6	1918	6	2
34	1845	13	19
2055	8	7	13
17	3	5	2064
2050	25	5	9
10	2070	10	5
1812	9	12	4
1756	11	14	10
1843	5	8	7
1813	7	36	14
26	7	2593	10
7	7	2642	3
2637	3	6	7
2577	18	12	11
2644	14	8	13
5	2948	10	5
2925	27	14	41
0	0	43	2987
0	0	2898	0
0	0	2966	0
13	10	2915	12
3255	9	8	6
3194	22	17	8
3270	12	17	19
5	3609	15	10
3608	43	16	14
0	0	51	3653
10	5	3604	0
0	1	3667	0
1	1	29	3733
10	14	3665	1
1	2	3735	1
3771	11	8	6
10	3742	12	8
3752	45	11	20
41	10	3776	5
3745	9	41	10
19	9	3738	16
9	12	12	3767
3781	10	9	9
4	26	1	3738
1	0	69	3780
7	9	3716	1
0	0	3762	1
13	3790	16	6
3798	7	10	11
3750	11	14	11
9	30	3800	10
7	3757	14	14
21	3767	8	15
3809	21	9	4
9	3744	8	6
14	3751	30	13
0	2	62	3785
8	12	3718	0
1	1	3752	0
3766	16	10	12
10	8	6	3777
11	11	12	3741
12	3761	10	8
11	3723	3	6
24	12	13	3727
32	10	3754	10
3716	9	26	11
23	14	3689	10
0	0	40	3737
0	0	3351	0
0	0	3421	1
192	7	3330	8
3317	11	179	5
23	16	3279	7
6	10	7	3177
10	14	9	3157
8	12	14	3105
12	8	3266	4
5	6	4	3223
14	6	13	3169
3167	12	12	10
3143	11	9	8
3	11	7	3175
3162	18	6	12
9	2138	9	9
15	2189	23	41
7	2245	6	7
4	2238	4	7
13	15	10	2866
5	2724	10	7
7	2699	12	8
15	2584	15	33
12	48	5	2860
6	6	3	2915
2919	9	18	19
9	6	2947	14
6	9	22	2927
15	11	2913	21
2811	7	7	5
2817	7	9	3
2744	7	20	19
15	10	9	3064
15	3	5	3063
3091	16	16	10
1	0	50	3116
10	6	3055	0
1	2	3088	1
36	2	5	3153
3121	37	4	11
1	3103	0	14
43	3142	5	10
3112	8	44	8
25	4	3111	11
11	17	14	3148
5	7	9	3119
3171	5	14	12
46	8	3170	5
3142	9	40	5
20	9	3144	11
3038	18	13	9
3043	11	11	10
2964	19	45	13
16	11	3160	11
3158	12	8	11
3116	16	17	11
9	3055	7	7
6	3054	6	8
35	2976	14	17
3173	9	11	16
11	5	10	3198
3184	9	14	19
6	4	3209	9
7	13	5	3201
3186	6	9	20
8	10	3180	7
12	6	3146	7
3192	12	7	9
12	9	3188	8
10	3175	12	6
3151	33	23	10
11	11	3169	11
2940	6	13	8
2874	14	14	7
2915	92	9	11
7	2916	8	9
13	2867	7	15
8	10	8	2936
10	45	7	2891
5	2909	6	8
7	7	13	2923
2914	6	12	3
0	18	0	2902
8	7	2897	8
8	11	8	2894
2872	11	9	17
5	11	2873	7
2869	5	5	7
10	11	3	2868
6	12	2102	7
9	5	2080	10
18	24	1972	24
11	12	2067	15
6	2443	8	4
2434	34	6	15
15	5	2450	7
8	2460	8	5
18	18	12	2453
2462	7	5	5
2419	33	14	4
4	2423	9	8
2468	22	5	3
10	8	2287	5
10	7	2306	7
42	6	2305	4
2292	6	33	5
9	10	2279	10
2308	9	5	8
5	2290	7	8
11	24	4	2303
2128	10	3	7
2118	6	7	9
2071	7	10	3
4	14	2	2105
5	1	2	2087
2094	4	6	5
5	10	2070	2
1	1	2052	3
1513	15	9	11
1576	7	6	3
1556	7	11	9
1548	4	23	5
4	9	1679	7
4	1677	2	6
1677	11	9	8
7	6	1667	5
4	3	1651	6
1657	9	1	6
5	5	3	1653
1645	1	5	8
1	8	0	1635
10	3	1637	3
3	4	2	1638
14	8	7	1604
1632	3	2	5
5	1612	5	5
6	26	10	1614
1611	6	3	2
1583	9	7	4
5	11	2	1604
1607	5	4	5
6	6	1598	2
1612	2	10	1
7	3	1583	4
7	5	1559	6
1533	7	4	12
1556	8	4	5
3	2	1555	3
1551	4	16	4
10	1540	8	1
658	25	7	8
606	12	13	10
656	9	9	8
669	9	5	5
661	7	66	11
6	12	2093	43
0	10	3	2161
12	9	29	2109
15	11	2187	20
6	20	4	2197
6	2215	6	11
2242	30	5	7
12	2196	5	6
10	2208	7	10
6	2240	6	16
8	5	2	2527
2523	13	12	8
2562	7	7	8
11	2578	6	3
17	34	14	2577
35	10	2607	5
2595	29	5	10
5	2597	9	14
2631	10	5	6
6	2609	4	7
2609	43	14	12
2650	7	8	8
3	2606	5	10
2599	117	14	10
2674	6	5	10
2671	13	1	12
7	16	7	3013
46	3014	10	5
3011	5	38	7
16	5	3012	4
3061	7	11	12
3028	3	52	6
13	11	3055	6
3116	10	13	4
8	3118	7	7
9	34	8	3129
39	9	3144	8
3121	13	37	8
20	7	3133	8
9	18	13	3166
8	9	7	3170
3202	12	17	16
8	3225	14	7
3247	12	13	5
3226	7	17	7
8	19	3289	10
10	3269	9	10
3281	50	13	13
3330	12	11	10
10	11	8	3302
24	19	10	3254
14	7	7	3317
3626	14	5	2
0	23	2	3613
13	3601	12	45
5	9	10	3612
3623	14	18	12
21	9	3619	12
4	3556	27	13
18	84	22	3362
4	21	11	3449
6	11	14	3459
17	13	3793	7
39	3821	11	12
3805	7	31	10
27	7	3732	11
10	8	3811	7
3839	10	2	9
7	18	11	3792
13	14	8	3824
9	3554	6	17
16	364	3519	16
13	11	3680	7
12	9	3683	12
4026	21	31	25
30	19	15	4026
13	17	16	3998
4077	11	20	16
15	15	4107	6
4079	12	23	10
4023	10	36	19
16	8	4111	13
7	7	18	4118
3821	16	18	28
3938	13	14	11
3925	23	11	10
4	4362	18	15
4352	13	9	14
17	8	7	4376
4362	21	11	18
11	13	4375	15
14	9	9	4389
4316	20	15	21
4361	13	12	14
9	4370	15	11
4381	54	21	19
46	9	4405	10
4360	47	17	12
14	4366	13	18
18	16	11	4395
14	4368	12	11
4393	58	17	21
7	4431	11	13
4413	9	14	11
4387	14	12	6
5	8	10	4476
4458	6	16	11
0	22	2	4450
15	18	4448	20
16	4428	10	13
4445	41	21	16
26	23	14	4389
12	11	15	4380
4404	15	23	17
17	10	4400	10
16	13	4365	7
4337	17	11	20
4397	6	10	15
8	15	20	4413
16	4397	18	24
4444	9	12	10
11	16	8	4403
20	15	15	4339
11	4410	13	16
4368	20	10	9
4329	7	19	9
13	18	4353	20
17	4355	11	10
4325	47	23	17
10	4380	12	13
4303	13	15	16
4248	14	26	10
19	4256	5	11
16	4194	15	7
4198	17	13	19
11	6	4217	10
4179	10	14	8
11	24	15	4151
6	4134	18	7
3600	16	6	14
3517	8	27	9
3569	10	11	10
12	9	3514	13
11	14	20	3530
12	12	3520	7
3456	9	9	6
3402	9	8	12
12	16	4	3396
10	3345	10	9
3352	46	16	9
25	13	3349	6
3315	6	25	9
19	9	3294	2
7	11	11	3240
11	11	13	3189
3192	10	13	7
14	4	3190	15
9	21	10	3150
14	3115	10	23
3066	7	9	13
3032	5	7	10
9	12	7	3030
7	3013	11	4
2582	12	3	8
2524	7	14	9
2541	10	8	14
1	1	10	2548
2427	11	3	18
2455	4	8	6
3	7	7	2440
2413	10	9	13
26	5	2407	9
2390	7	23	3
11	3	2370	8
14	2385	4	5
2346	5	16	7
11	3	2325	6
10	13	7	2265
3	2	6	2246
2168	7	8	10
2143	4	5	26
3	2	5	2120
176	21	12	27
147	9	4	7
126	10	12	4
112	8	17	13
138	6	12	4
135	3	30	1
4	4	923	3
5	1	963	1
969	3	1	2
923	4	3	6
991	2	3	6
975	7	18	9
15	4	1672	2
4	4	1706	13
2	6	3	1751
10	1748	5	11
6	3	3	1771
1780	2	7	6
1	20	0	1778
4	1782	3	28
8	8	12	1781
11	9	1780	7
2	5	1841	3
2	1843	7	6
1839	18	29	8
0	0	31	1880
0	0	1877	0
0	0	1892	1
11	9	1863	8
5	6	1	2117
2124	4	12	10
9	2151	2	6
6	2132	5	8
2198	4	9	9
3	9	2213	3
9	2200	9	2
2224	16	6	6
33	2241	4	1
2232	33	7	0
1	2239	5	14
2281	6	7	5
2283	5	10	8
2238	3	29	10
2	8	2534	7
9	10	2500	8
2546	8	4	13
2586	6	7	8
6	10	7	2612
18	13	7	2583
6	5	2678	8
4	12	2649	8
2712	7	1	11
6	4	2731	9
7	6	2708	12
2676	10	13	19
2743	7	12	11
2744	8	6	9
6	7	10	2770
8	7	2772	9
2766	10	6	8
2738	4	11	4
3	2775	3	3
2740	5	9	6
2700	6	10	7
7	5	2714	8
6	7	6	2707
2687	9	8	17
7	7	2692	6
2667	8	13	5
2	10	6	2681
2488	11	11	5
2477	10	13	6
2439	6	15	9
13	13	4	2479
8	9	13	2455
2473	8	7	11
10	4	2460	21
8	23	7	2439
10	2421	11	14
2444	8	9	6
5	9	2424	2
6	10	16	2418
3	10	2411	7
3	2398	1	5
6	22	13	2395
5	10	2376	10
6	5	2365	2
2319	10	4	14
2343	7	4	6
7	8	3	2325
6	2307	9	13
2306	27	10	5
6	9	2252	4
17	5	2257	2
2043	5	7	2
2020	7	12	4
1974	3	22	5
5	5	2027	8
7	5	5	2012
2007	9	8	7
6	2012	4	15
5	3	4	1975
1981	16	9	5
4	7	1	677
23	9	7	651
7	13	14	572
15	18	15	651
13	2	3	690
2132	3	18	6
6	3	2160	2
2166	6	5	10
3	14	6	2171
6	4	2190	8
6	7	2169	10
2205	8	9	16
2251	2	4	10
4	6	3	2286
2288	8	6	8
3	3	2303	3
2311	1	2	2
3	11	9	2303
2324	9	8	10
2302	7	35	6
7	5	2324	7
3	8	2374	6
7	2346	10	8
18	2373	11	14
8	2402	5	7
2589	6	5	7
2559	8	14	5
4	10	2612	7
2616	1	6	4
4	8	7	2616
5	5	2623	5
2635	5	5	4
2604	4	13	8
4	2657	6	7
2659	6	10	0
5	13	11	2668
28	5	2677	5
2659	7	33	2
10	6	2662	8
2655	11	4	9
2661	7	6	12
2621	11	17	7
0	7	8	2888
2882	6	11	6
0	23	0	2892
34	2890	8	8
2866	41	13	0
9	2863	10	18
2914	3	8	8
3	7	2908	2
7	10	23	2915
2925	10	14	11
2902	10	7	11
8	12	6	2916
0	0	47	2955
6	4	2873	0
0	0	2925	1
2932	27	6	5
10	6	2921	3
2927	1	29	10
10	13	2924	7
7	2880	13	15
2833	50	10	12
2870	11	7	32
7	9	31	2846
14	15	2790	9
8	4	2849	11
5	2828	7	10
12	36	11	2825
2842	7	7	8
7	11	2817	8
10	18	23	2820
6	2	2826	7
2818	2	4	0
11	12	9	1945
12	9	13	2005
9	7	9	2010
2	14	10	1999
2416	8	2	2
2369	33	10	5
3	2343	11	3
4	2387	6	7
4	4	7	2399
12	12	2388	3
4	2369	6	6
6	2331	5	11
2362	1	12	9
4	2354	5	7
6	2323	6	5
16	2	12	2344
8	6	2347	10
5	5	6	2356
2312	7	28	15
10	5	2343	6
5	2	8	2345
2305	17	19	15
18	9	2306	8
2	2216	27	13
1725	95	7	9
1791	11	8	8
1780	9	13	9
1769	15	38	16
22	9	2251	3
2193	11	9	4
2152	10	15	13
2201	5	15	5
3	6	5	2414
2396	13	6	13
9	8	2414	8
5	6	5	2414
2410	14	7	14
5	17	2407	7
6	2390	7	9
10	2396	12	13
2429	8	33	7
8	35	2420	7
6	2434	9	16
4	1	8	2428
4	11	2446	10
6	12	14	2454
8	2	2468	10
2467	9	5	11
1	7	7	2493
2393	8	4	10
2391	4	8	13
2322	6	31	15
6	0	1	2604
10	8	2604	1
0	62	1	2609
85	2580	8	6
2559	11	81	13
21	12	2555	5
13	2630	12	29
0	18	8	2623
2133	11	15	21
2219	12	11	8
2238	5	11	8
2243	12	29	12
0	9	3401	4
13	12	3390	4
3473	15	9	28
11	9	3506	7
3526	9	10	1
3482	15	21	7
7	31	3598	8
9	3607	13	5
16	3599	21	15
3716	9	8	34
9	9	43	3679
8	10	3696	16
7	3740	11	6
3742	5	10	0
8	14	2	3763
10	5	3752	9
8	15	3698	13
3779	16	13	14
7	3800	11	8
3818	8	4	4
3767	9	17	8
9	10	3842	12
9	6	11	3846
3820	16	9	34
33	11	3840	8
3794	39	10	12
18	3748	7	55
11	0	2	3800
9	8	3811	11
7	16	18	3825
3841	8	8	13
9	12	3821	11
12	35	9	3819
5	3836	5	11
6	3765	17	7
3812	13	16	22
14	12	3818	11
5	6	3793	7
3789	7	15	18
3828	10	15	9
3	7	14	3850
3821	17	13	19
0	0	56	3843
12	9	3738	0
0	0	3788	0
14	3809	9	8
3798	7	8	7
3758	12	12	7
11	3790	7	40
10	8	12	3778
3779	16	16	15
14	8	3780	13
3777	11	12	4
6	12	9	3705
11	0	2	3719
8	15	3694	17
9	9	25	3724
3723	6	8	7
11	3677	10	7
3687	24	14	18
9	3712	9	7
3685	9	14	0
7	26	5	3228
14	14	10	3269
6	14	11	3243
3430	5	22	9
17	8	3445	8
3426	9	8	6
3355	11	44	6
0	2	3408	5
4	9	3328	5
2354	20	13	24
2430	16	13	13
2445	11	9	13
2424	16	59	14
6	7	3563	30
7	13	13	3574
27	14	22	3505
3632	10	10	30
9	22	12	3627
15	3582	16	20
16	3642	17	18
10	13	18	3686
14	23	3642	15
12	9	3698	17
8	9	10	3759
3752	15	10	23
14	13	3756	5
15	3724	22	10
3725	48	17	17
20	14	3750	12
16	7	15	3758
17	19	17	3720
7	3792	11	8
3788	9	12	0
10	17	6	3791
15	8	3796	5
10	8	14	3799
3786	17	20	18
14	24	3807	9
5	3760	17	12
17	3758	16	20
3804	9	10	9
3	11	3778	10
9	12	25	3802
12	12	3797	3
19	13	3749	8
3798	19	5	25
6	11	9	3812
3817	9	11	11
3	13	0	3819
3817	3	11	15
13	11	6	3808
3793	14	11	16
12	7	3810	7
3772	15	17	8
3734	3	21	10
17	10	3763	10
13	3744	7	10
3727	36	15	20
9	9	3748	9
3708	13	16	7
3656	16	24	10
15	14	3667	10
1	11	14	3631
25	17	14	3572
3611	8	7	6
11	12	11	3525
15	7	12	3476
9	3432	7	6
8	3380	12	4
3378	11	16	20
16	4	3384	14
11	3341	22	11
3339	46	15	10
20	10	3356	4
2907	7	24	2
2838	11	15	12
2883	7	12	10
8	2879	8	7
2875	49	13	9
5	7	2538	7
6	11	2518	6
17	24	2443	16
20	2498	6	8
2479	7	16	9
15	7	2407	12
7	4	2437	4
2161	8	0	5
2119	4	13	6
2150	3	4	7
4	2110	7	2
2102	43	10	11
7	10	2099	8
6	2091	7	5
2070	20	8	9
4	7	2	2053
2052	3	4	1
0	15	0	1276
7	6	5	1282
4	5	3	1275
10	51	4	1218
6	1276	4	26
1	5	2	902
13	6	10	861
6	22	5	868
3	5	6	853
704	3	23	9
739	4	5	1
737	4	2	2
740	2	3	3
5	2	2	873
0	2	1	879
885	1	1	5
3	3	874	3
2	879	4	2
873	12	4	2
3	3	879	3
0	1	877	0
872	3	1	5
881	2	1	4
3	2	886	0
884	3	9	1
0	0	9	894
2	1	869	0
0	0	891	0
2	892	2	2
0	893	3	1
893	7	4	4
13	1	900	2
1	4	9	897
517	9	8	19
575	6	1	7
564	12	14	9
580	23	25	10
622	16	9	9
3	2306	6	10
2328	28	3	12
2377	4	2	8
4	9	6	2437
2433	5	14	16
5	2468	5	4
2480	6	7	0
12	9	7	2481
2512	5	4	2
10	2507	2	6
14	29	7	2511
36	5	2520	13
2511	32	8	9
7	2516	8	12
2569	9	6	8
2532	10	9	9
5	9	8	2599
11	5	2628	3
11	40	2590	3
5	2622	2	16
2669	4	14	8
12	21	2637	7
10	2672	16	10
2698	10	8	6
2677	7	8	3
7	22	12	2630
11	9	9	2715
10	21	5	2704
6	2944	11	19
2967	34	7	7
10	2963	8	6
8	2953	18	15
10	11	3032	3
8	5	3022	5
12	13	8	3061
6	13	3069	11
15	3072	2	9
17	27	11	3076
3096	37	5	17
7	3052	39	7
16	48	3053	17
4	15	3135	7
9	5	9	3179
11	17	9	3147
3203	14	20	6
8	11	3099	15
11	24	3146	9
19	17	3153	11
10	3312	14	7
12	3334	15	15
14	27	3359	7
9	3317	14	7
23	3308	9	26
10	0	20	3330
6	22	3285	3
1	106	1	3318
0	0	101	3249
9	10	3325	0
1	0	3199	1
0	0	15	3264
0	1	2960	0
0	1	3031	0
12	56	2947	15
9	2868	58	13
10	90	2652	10
13	5	2853	8
9	12	2848	5
2925	11	29	20
2973	7	3	11
8	9	10	2972
11	2961	6	16
2973	8	6	5
2913	7	55	7
7	5	2912	9
26	2947	10	10
2916	7	34	8
18	5	2869	7
7	8	2919	3
2902	7	6	3
2861	12	6	3
6	6	10	2662
9	12	6	2649
9	9	5	2612
7	7	2770	2
13	5	2734	5
2712	12	9	11
2732	10	13	8
12	4	6	2724
15	13	6	2693
6	2553	4	4
5	2538	6	8
25	2461	12	30
30	6	4	2622
2602	25	3	9
0	2597	2	15
2611	4	5	8
2586	8	11	5
5	5	10	2591
3	2004	6	11
8	1986	6	8
40	1899	15	17
23	1975	8	5
2355	3	9	7
2327	7	26	9
2351	7	15	26
20	19	2535	4
11	28	13	2543
11	2544	4	6
2558	2	10	6
2536	5	14	4
4	5	2587	4
3	6	2558	6
2598	9	8	8
7	7	2599	4
4	4	10	2602
2589	15	14	7
12	7	2592	7
11	6	15	2583
2576	7	17	18
9	10	2599	10
2598	8	12	5
2574	7	9	11
11	6	10	2621
11	2589	8	9
12	44	9	2598
2618	12	13	29
7	6	25	2600
13	8	2602	9
2631	4	7	4
2602	8	12	8
0	4	8	2660
2510	6	6	8
2511	6	9	7
2454	7	29	13
6	3	2736	6
2721	5	4	7
2679	5	19	13
17	12	13	2718
4	4	10	2705
2607	7	10	22
2668	7	10	3
2631	6	36	8
17	4	2874	10
2496	11	17	9
2502	10	14	8
2415	5	20	23
2512	13	23	29
2	11	11	3744
23	11	21	3722
3812	21	18	19
10	9	7	3850
3846	11	6	18
8	9	3870	7
5	19	3830	4
3909	13	7	15
41	3921	9	10
3886	7	46	14
20	9	3846	13
15	10	3915	10
8	15	7	3955
3905	13	24	22
3928	57	9	11
7	8	4036	11
4038	12	34	15
7	17	4055	11
4064	15	10	6
7	15	11	4079
48	4066	11	15
4042	10	48	10
28	8	3981	16
8	9	4078	11
14	4044	10	20
12	41	23	4043
16	4	4062	11
4053	12	7	12
3991	15	18	15
3	4060	9	9
4044	10	9	0
6	29	15	4009
11	4003	12	48
15	10	8	4000
26	22	21	3898
3960	11	12	6
3920	8	43	11
7	12	3881	17
3894	17	12	13
7	3878	11	11
3867	49	17	16
17	9	3876	8
10	3863	12	9
3842	42	16	14
12	13	3850	11
6	11	8	3836
3788	22	14	22
9	3816	12	11
3551	16	14	6
3470	17	24	13
3517	13	10	14
5	10	9	3488
11	6	3382	15
13	9	3404	9
5	3359	9	12
3349	29	12	17
17	7	3336	5
8	3	7	3306
3282	12	13	13
14	8	9	3222
6	47	10	3173
7	3133	6	17
3162	6	7	23
9	28	6	3123
17	3012	13	12
13	3078	10	9
3044	3	8	0
2	3016	5	24
2939	20	8	6
2905	8	6	0
23	7	7	1649
9	4	7	1671
9	4	9	1655
2	19	7	1598
1008	16	4	2
1002	4	8	1
970	0	11	9
957	9	6	3
18	2	937	0
578	1	28	4
585	6	2	0
565	2	7	2
536	1	5	2
1	0	56	1
1	2	49	0
4	4	33	6
1	0	36	3
1	3	34	0
32	2	26	0
60	1	0	32
1	0	2	91
4	0	19	65
1	0	67	0
2	7	57	2
16	14	27	18
1	1	91	0
5	5	70	2
11	8	73	39
45	4	0	1311
1312	33	2	3
12	1328	7	3
1368	3	6	5
6	5	1371	2
9	7	19	1379
5	4	1400	3
8	1397	5	3
1400	17	11	10
5	5	1441	3
8	9	1436	2
19	9	1383	14
12	8	1451	6
1607	2	6	4
1588	2	8	4
1605	9	5	4
2	2	1646	3
1643	7	20	8
1664	5	7	6
3	1	6	1684
1674	8	7	2
3	5	1694	2
7	5	4	1681
1689	9	5	4
8	5	1698	9
1693	9	6	1
3	1691	5	8
1707	4	2	4
2	1	10	1701
1686	7	2	10
1709	5	6	2
1	3	1	1712
1694	8	5	6
5	3	1709	2
5	1699	2	2
1694	18	7	8
1712	9	3	3
3	1698	7	1
1701	18	7	3
6	3	1717	4
1713	5	4	2
2	1699	3	12
1712	5	4	5
4	2	4	1713
1699	7	3	15
2	1711	9	3
1698	10	7	6
1677	3	9	8
1709	3	4	6
2	1697	5	5
7	20	7	1692
1543	7	6	6
1535	5	6	4
1499	7	9	6
4	4	1519	5
1502	3	4	3
1475	6	10	5
4	11	5	1461
3	4	2	1462
1440	2	5	10
8	1428	8	1
526	13	6	3
459	14	8	9
506	2	3	1
485	7	6	4
486	6	7	1
2	587	2	2
551	2	0	1
546	1	0	3
543	1	1	7
0	0	1	559
14	3	1	538
536	1	2	4
5	258	2	2
251	284	6	4
274	2	2	3
266	5	0	5
255	3	18	2
275	3	7	8
0	1	0	640
7	6	3	633
3	654	4	1
642	2	1	2
620	8	2	1
652	5	1	3
653	5	5	2
5	7	6	917
1	4	6	957
4	6	7	957
5	25	5	966
10	1475	28	0
0	3	1475	5
9	5	1487	12
6	7	1514	7
5	4	3	1718
12	9	8	1693
4	4	7	1734
1958	5	1	1
0	14	2	1947
67	3	5	1967
1959	62	4	8
1	1969	1	6
2040	20	10	8
11	6	2013	8
14	9	2050	6
223	12	2069	4
2073	224	3	6
7	2057	19	14
2299	8	20	3
6	20	2289	2
11	2289	19	14
2312	15	13	5
5	5	2295	8
2296	10	44	4
2343	7	3	5
2347	9	6	4
10	13	6	2488
6	2510	5	9
9	2472	10	5
2521	4	13	5
9	2502	7	41
11	6	7	2522
20	7	20	2444
0	0	163	2539
9	5	2649	0
0	0	2557	0
2699	9	11	9
2705	9	7	13
2667	15	18	9
3	6	2900	12
6	3	2893	4
2916	16	7	15
5	2957	7	3
9	2926	4	9
2963	8	19	10
17	9	2975	6
6	2914	22	7
2832	93	12	7
2919	12	13	9
2925	4	16	6
31	8	3061	4
15	3070	15	18
5	19	9	3069
9	3002	16	14
7	3065	9	6
6	9	5	3063
14	3039	10	15
0	0	37	3050
6	9	2961	0
0	0	3018	0
2838	11	11	5
2840	7	11	6
2779	5	26	12
6	12	2918	7
10	10	2883	13
18	11	7	2918
14	7	2916	12
2905	7	6	5
2851	8	8	9
7	9	2261	7
7	5	2246	12
29	24	2135	26
9	10	2250	10
8	2544	6	7
2534	26	10	19
6	3	2559	9
3	6	4	2560
2536	13	10	10
4	6	2557	5
3	11	11	2543
2498	13	12	7
2526	6	15	9
8	12	3	2538
2538	10	3	5
7	2538	8	4
2524	8	7	3
2496	6	7	5
3	3	2524	3
2515	6	5	5
4	14	6	2509
2483	6	12	5
2457	9	8	8
6	10	8	2479
2478	6	8	9
10	9	2467	6
6	10	16	2477
20	4	2477	9
2452	28	7	0
4	2451	6	16
2432	9	6	13
1	5	4	2437
1672	9	11	16
1725	9	8	13
1721	8	12	9
1709	6	25	9
5	9	1896	8
7	5	1	1900
1888	11	9	13
7	2	1910	8
7	12	12	1889
6	7	1879	11
4	1890	2	2
1	1870	3	2
1837	7	9	11
1842	20	4	7
14	2	1845	2
1820	1	36	8
1833	11	8	2
20	3	1791	2
1384	4	74	7
1428	11	5	6
1418	3	16	10
1403	6	31	8
8	16	1684	6
9	1670	25	5
1577	38	6	11
1622	3	4	6
1591	4	27	6
17	5	1668	5
1687	5	7	15
4	7	5	1689
4	1684	4	8
1683	4	7	11
2	4	6	1693
8	16	6	1664
1700	6	19	3
4	7	1586	3
7	5	1595	5
4	5	1613	1
1696	4	2	5
8	9	6	1674
5	4	5	1703
1714	2	4	5
1	3	1	1712
5	3	1707	7
3	1	1699	3
1396	4	14	11
1444	8	4	8
1443	4	7	11
1437	9	13	15
8	1605	5	2
1592	2	14	5
8	1	1598	4
1595	6	3	16
2	7	16	1586
12	3	1562	5
4	3	1580	6
2	1576	2	8
1570	14	7	5
2	3	1568	3
3	6	1549	4
8	5	6	1548
3	6	1550	3
1546	3	6	4
5	3	3	1546
4	5	1544	5
1534	5	9	4
9	5	4	1509
2	0	1	1528
3	4	1519	11
3	8	16	1516
5	3	1525	8
2	4	12	1509
1	3	1483	9
3	5	1488	3
3	1473	5	3
1427	17	21	6
1445	4	8	5
6	4	1423	4
5	9	17	1417
1420	5	5	1
1	1	1406	4
1384	6	23	5
13	1394	2	0
1374	4	9	2
9	2	1327	6
6	3	1346	1
1326	1	3	3
0	5	3	1323
13	1	1303	2
1281	6	8	2
3	1	1239	2
6	4	1237	5
1224	2	6	3
4	3	5	1187
14	5	3	1155
1143	1	13	8
