0.9990000000 0.0003333333 0.0003333333
0.9975000000 0.0008333333 0.0008333333
0.9950000000 0.0016666667 0.0016666667
0.9950000000 0.0016666667 0.0008333333
0.9950000000 0.0033333333 0.0008333333
0.9950000000 0.0008333333 0.0033333333
0.9950000000 0.0008333333 0.0008333333
0.9950000000 0.0008333333 0.0016666667
0.9950000000 0.0008333333 0.0025000000
0.9950000000 0.0016666667 0.0025000000
0.9950000000 0.0025000000 0.0008333333
0.9950000000 0.0025000000 0.0016666667
0.9925000000 0.0025000000 0.0025000000
0.9925000000 0.0025000000 0.0033333333
0.9925000000 0.0025000000 0.0008333333
0.9925000000 0.0025000000 0.0016666667
0.9925000000 0.0033333333 0.0033333333
0.9925000000 0.0033333333 0.0008333333
0.9925000000 0.0033333333 0.0016666667
0.9925000000 0.0033333333 0.0025000000
0.9925000000 0.0008333333 0.0033333333
0.9925000000 0.0008333333 0.0016666667
0.9925000000 0.0008333333 0.0050000000
0.9925000000 0.0016666667 0.0033333333
0.9925000000 0.0016666667 0.0008333333
0.9925000000 0.0016666667 0.0025000000
0.9925000000 0.0016666667 0.0050000000
0.9925000000 0.0050000000 0.0008333333
0.9925000000 0.0050000000 0.0016666667
0.9850000000 0.0050000000 0.0050000000
0.9850000000 0.0050000000 0.0033333333
0.9850000000 0.0050000000 0.0008333333
0.9850000000 0.0050000000 0.0016666667
0.9850000000 0.0050000000 0.0025000000
0.9850000000 0.0050000000 0.0066666667
0.9850000000 0.0033333333 0.0016666667
0.9850000000 0.0033333333 0.0050000000
0.9850000000 0.0033333333 0.0066666667
0.9850000000 0.0033333333 0.0100000000
0.9850000000 0.0016666667 0.0033333333
0.9850000000 0.0016666667 0.0066666667
0.9850000000 0.0016666667 0.0100000000
0.9850000000 0.0025000000 0.0025000000
0.9850000000 0.0025000000 0.0100000000
0.9850000000 0.0066666667 0.0033333333
0.9850000000 0.0066666667 0.0016666667
0.9850000000 0.0066666667 0.0050000000
0.9850000000 0.0066666667 0.0066666667
0.9850000000 0.0100000000 0.0033333333
0.9850000000 0.0100000000 0.0016666667
0.9850000000 0.0100000000 0.0025000000
0.9800000000 0.0066666667 0.0066666667
0.9800000000 0.0066666667 0.0033333333
0.9800000000 0.0066666667 0.0008333333
0.9800000000 0.0066666667 0.0016666667
0.9800000000 0.0066666667 0.0025000000
0.9800000000 0.0066666667 0.0050000000
0.9800000000 0.0066666667 0.0100000000
0.9800000000 0.0033333333 0.0066666667
0.9800000000 0.0033333333 0.0100000000
0.9800000000 0.0008333333 0.0025000000
0.9800000000 0.0008333333 0.0166666667
0.9800000000 0.0016666667 0.0016666667
0.9800000000 0.0016666667 0.0166666667
0.9800000000 0.0025000000 0.0008333333
0.9800000000 0.0025000000 0.0166666667
0.9800000000 0.0050000000 0.0050000000
0.9800000000 0.0050000000 0.0100000000
0.9800000000 0.0100000000 0.0033333333
0.9800000000 0.0100000000 0.0050000000
0.9800000000 0.0100000000 0.0066666667
0.9800000000 0.0166666667 0.0008333333
0.9800000000 0.0166666667 0.0016666667
0.9800000000 0.0166666667 0.0025000000
0.9700000000 0.0100000000 0.0100000000
0.9700000000 0.0100000000 0.0033333333
0.9700000000 0.0100000000 0.0008333333
0.9700000000 0.0100000000 0.0016666667
0.9700000000 0.0100000000 0.0025000000
0.9700000000 0.0100000000 0.0050000000
0.9700000000 0.0100000000 0.0066666667
0.9700000000 0.0100000000 0.0166666667
0.9700000000 0.0033333333 0.0100000000
0.9700000000 0.0033333333 0.0166666667
0.9700000000 0.0066666667 0.0066666667
0.9700000000 0.0066666667 0.0166666667
0.9700000000 0.0166666667 0.0033333333
0.9700000000 0.0166666667 0.0066666667
0.9700000000 0.0166666667 0.0100000000
0.9500000000 0.0166666667 0.0166666667
0.9500000000 0.0166666667 0.0033333333
0.9500000000 0.0166666667 0.0008333333
0.9500000000 0.0166666667 0.0016666667
0.9500000000 0.0166666667 0.0025000000
0.9500000000 0.0166666667 0.0050000000
0.9500000000 0.0166666667 0.0066666667
0.9500000000 0.0166666667 0.0100000000
0.9500000000 0.0066666667 0.0100000000
0.9500000000 0.0066666667 0.0333333333
0.9500000000 0.0100000000 0.0066666667
0.9500000000 0.0100000000 0.0333333333
0.9500000000 0.0333333333 0.0066666667
0.9500000000 0.0333333333 0.0100000000
0.9000000000 0.0333333333 0.0333333333
0.9000000000 0.0333333333 0.0033333333
0.9000000000 0.0333333333 0.0008333333
0.9000000000 0.0333333333 0.0016666667
0.9000000000 0.0333333333 0.0025000000
0.9000000000 0.0333333333 0.0050000000
0.9000000000 0.0333333333 0.0066666667
0.9000000000 0.0333333333 0.0100000000
0.9000000000 0.0333333333 0.0166666667
0.9000000000 0.0333333333 0.0500000000
0.9000000000 0.0166666667 0.0333333333
0.9000000000 0.0166666667 0.0500000000
0.9000000000 0.0500000000 0.0166666667
0.9000000000 0.0500000000 0.0333333333
0.7500000000 0.0833333333 0.0833333333
0.7500000000 0.0833333333 0.0033333333
0.7500000000 0.0833333333 0.0008333333
0.7500000000 0.0833333333 0.0016666667
0.7500000000 0.0833333333 0.0025000000
0.7500000000 0.0833333333 0.0050000000
0.7500000000 0.0833333333 0.0066666667
0.7500000000 0.0833333333 0.0100000000
0.7500000000 0.0833333333 0.0166666667
0.7500000000 0.0833333333 0.0333333333
0.7500000000 0.0833333333 0.0500000000
0.7500000000 0.0833333333 0.1000000000
0.7500000000 0.0500000000 0.1000000000
0.7500000000 0.1000000000 0.0500000000
0.7500000000 0.1000000000 0.1000000000
0.5000000000 0.1666666667 0.1666666667
0.5000000000 0.1666666667 0.0033333333
0.5000000000 0.1666666667 0.0008333333
0.5000000000 0.1666666667 0.0016666667
0.5000000000 0.1666666667 0.0025000000
0.5000000000 0.1666666667 0.0050000000
0.5000000000 0.1666666667 0.0066666667
0.5000000000 0.1666666667 0.0100000000
0.5000000000 0.1666666667 0.0166666667
0.5000000000 0.1666666667 0.0333333333
0.5000000000 0.1666666667 0.0500000000
0.5000000000 0.1666666667 0.1000000000
0.5000000000 0.1666666667 0.2500000000
0.5000000000 0.0033333333 0.2500000000
0.5000000000 0.0033333333 0.0033333333
0.5000000000 0.0033333333 0.0008333333
0.5000000000 0.0033333333 0.0016666667
0.5000000000 0.0033333333 0.0025000000
0.5000000000 0.0033333333 0.0050000000
0.5000000000 0.0033333333 0.0066666667
0.5000000000 0.0033333333 0.0100000000
0.5000000000 0.0033333333 0.0166666667
0.5000000000 0.0033333333 0.0333333333
0.5000000000 0.0033333333 0.0500000000
0.5000000000 0.0033333333 0.1000000000
0.5000000000 0.0008333333 0.2500000000
0.5000000000 0.0008333333 0.0033333333
0.5000000000 0.0008333333 0.0008333333
0.5000000000 0.0008333333 0.0016666667
0.5000000000 0.0008333333 0.0025000000
0.5000000000 0.0008333333 0.0050000000
0.5000000000 0.0008333333 0.0066666667
0.5000000000 0.0008333333 0.0100000000
0.5000000000 0.0008333333 0.0166666667
0.5000000000 0.0008333333 0.0333333333
0.5000000000 0.0008333333 0.0500000000
0.5000000000 0.0008333333 0.1000000000
0.5000000000 0.0016666667 0.2500000000
0.5000000000 0.0016666667 0.0033333333
0.5000000000 0.0016666667 0.0008333333
0.5000000000 0.0016666667 0.0016666667
0.5000000000 0.0016666667 0.0025000000
0.5000000000 0.0016666667 0.0050000000
0.5000000000 0.0016666667 0.0066666667
0.5000000000 0.0016666667 0.0100000000
0.5000000000 0.0016666667 0.0166666667
0.5000000000 0.0016666667 0.0333333333
0.5000000000 0.0016666667 0.0500000000
0.5000000000 0.0016666667 0.1000000000
0.5000000000 0.0025000000 0.2500000000
0.5000000000 0.0025000000 0.0033333333
0.5000000000 0.0025000000 0.0008333333
0.5000000000 0.0025000000 0.0016666667
0.5000000000 0.0025000000 0.0025000000
0.5000000000 0.0025000000 0.0050000000
0.5000000000 0.0025000000 0.0066666667
0.5000000000 0.0025000000 0.0100000000
0.5000000000 0.0025000000 0.0166666667
0.5000000000 0.0025000000 0.0333333333
0.5000000000 0.0025000000 0.0500000000
0.5000000000 0.0025000000 0.1000000000
0.5000000000 0.0050000000 0.2500000000
0.5000000000 0.0050000000 0.0033333333
0.5000000000 0.0050000000 0.0008333333
0.5000000000 0.0050000000 0.0016666667
0.5000000000 0.0050000000 0.0025000000
0.5000000000 0.0050000000 0.0050000000
0.5000000000 0.0050000000 0.0066666667
0.5000000000 0.0050000000 0.0100000000
0.5000000000 0.0050000000 0.0166666667
0.5000000000 0.0050000000 0.0333333333
0.5000000000 0.0050000000 0.0500000000
0.5000000000 0.0050000000 0.1000000000
0.5000000000 0.0066666667 0.2500000000
0.5000000000 0.0066666667 0.0033333333
0.5000000000 0.0066666667 0.0008333333
0.5000000000 0.0066666667 0.0016666667
0.5000000000 0.0066666667 0.0025000000
0.5000000000 0.0066666667 0.0050000000
0.5000000000 0.0066666667 0.0066666667
0.5000000000 0.0066666667 0.0100000000
0.5000000000 0.0066666667 0.0166666667
0.5000000000 0.0066666667 0.0333333333
0.5000000000 0.0066666667 0.0500000000
0.5000000000 0.0066666667 0.1000000000
0.5000000000 0.0100000000 0.2500000000
0.5000000000 0.0100000000 0.0033333333
0.5000000000 0.0100000000 0.0008333333
0.5000000000 0.0100000000 0.0016666667
0.5000000000 0.0100000000 0.0025000000
0.5000000000 0.0100000000 0.0050000000
0.5000000000 0.0100000000 0.0066666667
0.5000000000 0.0100000000 0.0100000000
0.5000000000 0.0100000000 0.0166666667
0.5000000000 0.0100000000 0.0333333333
0.5000000000 0.0100000000 0.0500000000
0.5000000000 0.0100000000 0.1000000000
0.5000000000 0.0166666667 0.2500000000
0.5000000000 0.0166666667 0.0033333333
0.5000000000 0.0166666667 0.0008333333
0.5000000000 0.0166666667 0.0016666667
0.5000000000 0.0166666667 0.0025000000
0.5000000000 0.0166666667 0.0050000000
0.5000000000 0.0166666667 0.0066666667
0.5000000000 0.0166666667 0.0100000000
0.5000000000 0.0166666667 0.0166666667
0.5000000000 0.0166666667 0.0333333333
0.5000000000 0.0166666667 0.0500000000
0.5000000000 0.0166666667 0.1000000000
0.5000000000 0.0333333333 0.2500000000
0.5000000000 0.0333333333 0.0033333333
0.5000000000 0.0333333333 0.0008333333
0.5000000000 0.0333333333 0.0016666667
0.5000000000 0.0333333333 0.0025000000
0.5000000000 0.0333333333 0.0050000000
0.5000000000 0.0333333333 0.0066666667
0.5000000000 0.0333333333 0.0100000000
0.5000000000 0.0333333333 0.0166666667
0.5000000000 0.0333333333 0.0333333333
0.5000000000 0.0333333333 0.0500000000
0.5000000000 0.0333333333 0.1000000000
0.5000000000 0.0500000000 0.2500000000
0.5000000000 0.0500000000 0.0033333333
0.5000000000 0.0500000000 0.0008333333
0.5000000000 0.0500000000 0.0016666667
0.5000000000 0.0500000000 0.0025000000
0.5000000000 0.0500000000 0.0050000000
0.5000000000 0.0500000000 0.0066666667
0.5000000000 0.0500000000 0.0100000000
0.5000000000 0.0500000000 0.0166666667
0.5000000000 0.0500000000 0.0333333333
0.5000000000 0.0500000000 0.0500000000
0.5000000000 0.0500000000 0.1000000000
0.5000000000 0.1000000000 0.2500000000
0.5000000000 0.1000000000 0.0033333333
0.5000000000 0.1000000000 0.0008333333
0.5000000000 0.1000000000 0.0016666667
0.5000000000 0.1000000000 0.0025000000
0.5000000000 0.1000000000 0.0050000000
0.5000000000 0.1000000000 0.0066666667
0.5000000000 0.1000000000 0.0100000000
0.5000000000 0.1000000000 0.0166666667
0.5000000000 0.1000000000 0.0333333333
0.5000000000 0.1000000000 0.0500000000
0.5000000000 0.1000000000 0.1000000000
0.3300000000 0.2233333333 0.2233333333
0.3300000000 0.2233333333 0.0033333333
0.3300000000 0.2233333333 0.0008333333
0.3300000000 0.2233333333 0.0016666667
0.3300000000 0.2233333333 0.0025000000
0.3300000000 0.2233333333 0.0050000000
0.3300000000 0.2233333333 0.0066666667
0.3300000000 0.2233333333 0.0100000000
0.3300000000 0.2233333333 0.0166666667
0.3300000000 0.2233333333 0.0333333333
0.3300000000 0.2233333333 0.0500000000
0.3300000000 0.2233333333 0.1000000000
0.3300000000 0.2233333333 0.2500000000
0.3300000000 0.0033333333 0.2500000000
0.3300000000 0.0033333333 0.0033333333
0.3300000000 0.0033333333 0.0008333333
0.3300000000 0.0033333333 0.0016666667
0.3300000000 0.0033333333 0.0025000000
0.3300000000 0.0033333333 0.0050000000
0.3300000000 0.0033333333 0.0066666667
0.3300000000 0.0033333333 0.0100000000
0.3300000000 0.0033333333 0.0166666667
0.3300000000 0.0033333333 0.0333333333
0.3300000000 0.0033333333 0.0500000000
0.3300000000 0.0033333333 0.1000000000
0.3300000000 0.0008333333 0.2500000000
0.3300000000 0.0008333333 0.0033333333
0.3300000000 0.0008333333 0.0008333333
0.3300000000 0.0008333333 0.0016666667
0.3300000000 0.0008333333 0.0025000000
0.3300000000 0.0008333333 0.0050000000
0.3300000000 0.0008333333 0.0066666667
0.3300000000 0.0008333333 0.0100000000
0.3300000000 0.0008333333 0.0166666667
0.3300000000 0.0008333333 0.0333333333
0.3300000000 0.0008333333 0.0500000000
0.3300000000 0.0008333333 0.1000000000
0.3300000000 0.0016666667 0.2500000000
0.3300000000 0.0016666667 0.0033333333
0.3300000000 0.0016666667 0.0008333333
0.3300000000 0.0016666667 0.0016666667
0.3300000000 0.0016666667 0.0025000000
0.3300000000 0.0016666667 0.0050000000
0.3300000000 0.0016666667 0.0066666667
0.3300000000 0.0016666667 0.0100000000
0.3300000000 0.0016666667 0.0166666667
0.3300000000 0.0016666667 0.0333333333
0.3300000000 0.0016666667 0.0500000000
0.3300000000 0.0016666667 0.1000000000
0.3300000000 0.0025000000 0.2500000000
0.3300000000 0.0025000000 0.0033333333
0.3300000000 0.0025000000 0.0008333333
0.3300000000 0.0025000000 0.0016666667
0.3300000000 0.0025000000 0.0025000000
0.3300000000 0.0025000000 0.0050000000
0.3300000000 0.0025000000 0.0066666667
0.3300000000 0.0025000000 0.0100000000
0.3300000000 0.0025000000 0.0166666667
0.3300000000 0.0025000000 0.0333333333
0.3300000000 0.0025000000 0.0500000000
0.3300000000 0.0025000000 0.1000000000
0.3300000000 0.0050000000 0.2500000000
0.3300000000 0.0050000000 0.0033333333
0.3300000000 0.0050000000 0.0008333333
0.3300000000 0.0050000000 0.0016666667
0.3300000000 0.0050000000 0.0025000000
0.3300000000 0.0050000000 0.0050000000
0.3300000000 0.0050000000 0.0066666667
0.3300000000 0.0050000000 0.0100000000
0.3300000000 0.0050000000 0.0166666667
0.3300000000 0.0050000000 0.0333333333
0.3300000000 0.0050000000 0.0500000000
0.3300000000 0.0050000000 0.1000000000
0.3300000000 0.0066666667 0.2500000000
0.3300000000 0.0066666667 0.0033333333
0.3300000000 0.0066666667 0.0008333333
0.3300000000 0.0066666667 0.0016666667
0.3300000000 0.0066666667 0.0025000000
0.3300000000 0.0066666667 0.0050000000
0.3300000000 0.0066666667 0.0066666667
0.3300000000 0.0066666667 0.0100000000
0.3300000000 0.0066666667 0.0166666667
0.3300000000 0.0066666667 0.0333333333
0.3300000000 0.0066666667 0.0500000000
0.3300000000 0.0066666667 0.1000000000
0.3300000000 0.0100000000 0.2500000000
0.3300000000 0.0100000000 0.0033333333
0.3300000000 0.0100000000 0.0008333333
0.3300000000 0.0100000000 0.0016666667
0.3300000000 0.0100000000 0.0025000000
0.3300000000 0.0100000000 0.0050000000
0.3300000000 0.0100000000 0.0066666667
0.3300000000 0.0100000000 0.0100000000
0.3300000000 0.0100000000 0.0166666667
0.3300000000 0.0100000000 0.0333333333
0.3300000000 0.0100000000 0.0500000000
0.3300000000 0.0100000000 0.1000000000
0.3300000000 0.0166666667 0.2500000000
0.3300000000 0.0166666667 0.0033333333
0.3300000000 0.0166666667 0.0008333333
0.3300000000 0.0166666667 0.0016666667
0.3300000000 0.0166666667 0.0025000000
0.3300000000 0.0166666667 0.0050000000
0.3300000000 0.0166666667 0.0066666667
0.3300000000 0.0166666667 0.0100000000
0.3300000000 0.0166666667 0.0166666667
0.3300000000 0.0166666667 0.0333333333
0.3300000000 0.0166666667 0.0500000000
0.3300000000 0.0166666667 0.1000000000
0.3300000000 0.0333333333 0.2500000000
0.3300000000 0.0333333333 0.0033333333
0.3300000000 0.0333333333 0.0008333333
0.3300000000 0.0333333333 0.0016666667
0.3300000000 0.0333333333 0.0025000000
0.3300000000 0.0333333333 0.0050000000
0.3300000000 0.0333333333 0.0066666667
0.3300000000 0.0333333333 0.0100000000
0.3300000000 0.0333333333 0.0166666667
0.3300000000 0.0333333333 0.0333333333
0.3300000000 0.0333333333 0.0500000000
0.3300000000 0.0333333333 0.1000000000
0.3300000000 0.0500000000 0.2500000000
0.3300000000 0.0500000000 0.0033333333
0.3300000000 0.0500000000 0.0008333333
0.3300000000 0.0500000000 0.0016666667
0.3300000000 0.0500000000 0.0025000000
0.3300000000 0.0500000000 0.0050000000
0.3300000000 0.0500000000 0.0066666667
0.3300000000 0.0500000000 0.0100000000
0.3300000000 0.0500000000 0.0166666667
0.3300000000 0.0500000000 0.0333333333
0.3300000000 0.0500000000 0.0500000000
0.3300000000 0.0500000000 0.1000000000
0.3300000000 0.1000000000 0.2500000000
0.3300000000 0.1000000000 0.0033333333
0.3300000000 0.1000000000 0.0008333333
0.3300000000 0.1000000000 0.0016666667
0.3300000000 0.1000000000 0.0025000000
0.3300000000 0.1000000000 0.0050000000
0.3300000000 0.1000000000 0.0066666667
0.3300000000 0.1000000000 0.0100000000
0.3300000000 0.1000000000 0.0166666667
0.3300000000 0.1000000000 0.0333333333
0.3300000000 0.1000000000 0.0500000000
0.3300000000 0.1000000000 0.1000000000
0.3300000000 0.2500000000 0.2500000000
0.3300000000 0.2500000000 0.0033333333
0.3300000000 0.2500000000 0.0008333333
0.3300000000 0.2500000000 0.0016666667
0.3300000000 0.2500000000 0.0025000000
0.3300000000 0.2500000000 0.0050000000
0.3300000000 0.2500000000 0.0066666667
0.3300000000 0.2500000000 0.0100000000
0.3300000000 0.2500000000 0.0166666667
0.3300000000 0.2500000000 0.0333333333
0.3300000000 0.2500000000 0.0500000000
0.3300000000 0.2500000000 0.1000000000
0.0003333333 0.9990000000 0.0003333333
0.0008333333 0.9975000000 0.0008333333
0.0016666667 0.9950000000 0.0016666667
0.0016666667 0.9950000000 0.0008333333
0.0033333333 0.9950000000 0.0008333333
0.0008333333 0.9950000000 0.0033333333
0.0008333333 0.9950000000 0.0008333333
0.0008333333 0.9950000000 0.0016666667
0.0008333333 0.9950000000 0.0025000000
0.0016666667 0.9950000000 0.0025000000
0.0025000000 0.9950000000 0.0008333333
0.0025000000 0.9950000000 0.0016666667
0.0025000000 0.9925000000 0.0025000000
0.0025000000 0.9925000000 0.0033333333
0.0025000000 0.9925000000 0.0008333333
0.0025000000 0.9925000000 0.0016666667
0.0033333333 0.9925000000 0.0033333333
0.0033333333 0.9925000000 0.0008333333
0.0033333333 0.9925000000 0.0016666667
0.0033333333 0.9925000000 0.0025000000
0.0008333333 0.9925000000 0.0033333333
0.0008333333 0.9925000000 0.0016666667
0.0008333333 0.9925000000 0.0050000000
0.0016666667 0.9925000000 0.0033333333
0.0016666667 0.9925000000 0.0008333333
0.0016666667 0.9925000000 0.0025000000
0.0016666667 0.9925000000 0.0050000000
0.0050000000 0.9925000000 0.0008333333
0.0050000000 0.9925000000 0.0016666667
0.0050000000 0.9850000000 0.0050000000
0.0050000000 0.9850000000 0.0033333333
0.0050000000 0.9850000000 0.0008333333
0.0050000000 0.9850000000 0.0016666667
0.0050000000 0.9850000000 0.0025000000
0.0050000000 0.9850000000 0.0066666667
0.0033333333 0.9850000000 0.0016666667
0.0033333333 0.9850000000 0.0050000000
0.0033333333 0.9850000000 0.0066666667
0.0033333333 0.9850000000 0.0100000000
0.0016666667 0.9850000000 0.0033333333
0.0016666667 0.9850000000 0.0066666667
0.0016666667 0.9850000000 0.0100000000
0.0025000000 0.9850000000 0.0025000000
0.0025000000 0.9850000000 0.0100000000
0.0066666667 0.9850000000 0.0033333333
0.0066666667 0.9850000000 0.0016666667
0.0066666667 0.9850000000 0.0050000000
0.0066666667 0.9850000000 0.0066666667
0.0100000000 0.9850000000 0.0033333333
0.0100000000 0.9850000000 0.0016666667
0.0100000000 0.9850000000 0.0025000000
0.0066666667 0.9800000000 0.0066666667
0.0066666667 0.9800000000 0.0033333333
0.0066666667 0.9800000000 0.0008333333
0.0066666667 0.9800000000 0.0016666667
0.0066666667 0.9800000000 0.0025000000
0.0066666667 0.9800000000 0.0050000000
0.0066666667 0.9800000000 0.0100000000
0.0033333333 0.9800000000 0.0066666667
0.0033333333 0.9800000000 0.0100000000
0.0008333333 0.9800000000 0.0025000000
0.0008333333 0.9800000000 0.0166666667
0.0016666667 0.9800000000 0.0016666667
0.0016666667 0.9800000000 0.0166666667
0.0025000000 0.9800000000 0.0008333333
0.0025000000 0.9800000000 0.0166666667
0.0050000000 0.9800000000 0.0050000000
0.0050000000 0.9800000000 0.0100000000
0.0100000000 0.9800000000 0.0033333333
0.0100000000 0.9800000000 0.0050000000
0.0100000000 0.9800000000 0.0066666667
0.0166666667 0.9800000000 0.0008333333
0.0166666667 0.9800000000 0.0016666667
0.0166666667 0.9800000000 0.0025000000
0.0100000000 0.9700000000 0.0100000000
0.0100000000 0.9700000000 0.0033333333
0.0100000000 0.9700000000 0.0008333333
0.0100000000 0.9700000000 0.0016666667
0.0100000000 0.9700000000 0.0025000000
0.0100000000 0.9700000000 0.0050000000
0.0100000000 0.9700000000 0.0066666667
0.0100000000 0.9700000000 0.0166666667
0.0033333333 0.9700000000 0.0100000000
0.0033333333 0.9700000000 0.0166666667
0.0066666667 0.9700000000 0.0066666667
0.0066666667 0.9700000000 0.0166666667
0.0166666667 0.9700000000 0.0033333333
0.0166666667 0.9700000000 0.0066666667
0.0166666667 0.9700000000 0.0100000000
0.0166666667 0.9500000000 0.0166666667
0.0166666667 0.9500000000 0.0033333333
0.0166666667 0.9500000000 0.0008333333
0.0166666667 0.9500000000 0.0016666667
0.0166666667 0.9500000000 0.0025000000
0.0166666667 0.9500000000 0.0050000000
0.0166666667 0.9500000000 0.0066666667
0.0166666667 0.9500000000 0.0100000000
0.0066666667 0.9500000000 0.0100000000
0.0066666667 0.9500000000 0.0333333333
0.0100000000 0.9500000000 0.0066666667
0.0100000000 0.9500000000 0.0333333333
0.0333333333 0.9500000000 0.0066666667
0.0333333333 0.9500000000 0.0100000000
0.0333333333 0.9000000000 0.0333333333
0.0333333333 0.9000000000 0.0033333333
0.0333333333 0.9000000000 0.0008333333
0.0333333333 0.9000000000 0.0016666667
0.0333333333 0.9000000000 0.0025000000
0.0333333333 0.9000000000 0.0050000000
0.0333333333 0.9000000000 0.0066666667
0.0333333333 0.9000000000 0.0100000000
0.0333333333 0.9000000000 0.0166666667
0.0333333333 0.9000000000 0.0500000000
0.0166666667 0.9000000000 0.0333333333
0.0166666667 0.9000000000 0.0500000000
0.0500000000 0.9000000000 0.0166666667
0.0500000000 0.9000000000 0.0333333333
0.0833333333 0.7500000000 0.0833333333
0.0833333333 0.7500000000 0.0033333333
0.0833333333 0.7500000000 0.0008333333
0.0833333333 0.7500000000 0.0016666667
0.0833333333 0.7500000000 0.0025000000
0.0833333333 0.7500000000 0.0050000000
0.0833333333 0.7500000000 0.0066666667
0.0833333333 0.7500000000 0.0100000000
0.0833333333 0.7500000000 0.0166666667
0.0833333333 0.7500000000 0.0333333333
0.0833333333 0.7500000000 0.0500000000
0.0833333333 0.7500000000 0.1000000000
0.0500000000 0.7500000000 0.1000000000
0.1000000000 0.7500000000 0.0500000000
0.1000000000 0.7500000000 0.1000000000
0.1666666667 0.5000000000 0.1666666667
0.1666666667 0.5000000000 0.0033333333
0.1666666667 0.5000000000 0.0008333333
0.1666666667 0.5000000000 0.0016666667
0.1666666667 0.5000000000 0.0025000000
0.1666666667 0.5000000000 0.0050000000
0.1666666667 0.5000000000 0.0066666667
0.1666666667 0.5000000000 0.0100000000
0.1666666667 0.5000000000 0.0166666667
0.1666666667 0.5000000000 0.0333333333
0.1666666667 0.5000000000 0.0500000000
0.1666666667 0.5000000000 0.1000000000
0.1666666667 0.5000000000 0.2500000000
0.0033333333 0.5000000000 0.2500000000
0.0033333333 0.5000000000 0.0033333333
0.0033333333 0.5000000000 0.0008333333
0.0033333333 0.5000000000 0.0016666667
0.0033333333 0.5000000000 0.0025000000
0.0033333333 0.5000000000 0.0050000000
0.0033333333 0.5000000000 0.0066666667
0.0033333333 0.5000000000 0.0100000000
0.0033333333 0.5000000000 0.0166666667
0.0033333333 0.5000000000 0.0333333333
0.0033333333 0.5000000000 0.0500000000
0.0033333333 0.5000000000 0.1000000000
0.0008333333 0.5000000000 0.2500000000
0.0008333333 0.5000000000 0.0033333333
0.0008333333 0.5000000000 0.0008333333
0.0008333333 0.5000000000 0.0016666667
0.0008333333 0.5000000000 0.0025000000
0.0008333333 0.5000000000 0.0050000000
0.0008333333 0.5000000000 0.0066666667
0.0008333333 0.5000000000 0.0100000000
0.0008333333 0.5000000000 0.0166666667
0.0008333333 0.5000000000 0.0333333333
0.0008333333 0.5000000000 0.0500000000
0.0008333333 0.5000000000 0.1000000000
0.0016666667 0.5000000000 0.2500000000
0.0016666667 0.5000000000 0.0033333333
0.0016666667 0.5000000000 0.0008333333
0.0016666667 0.5000000000 0.0016666667
0.0016666667 0.5000000000 0.0025000000
0.0016666667 0.5000000000 0.0050000000
0.0016666667 0.5000000000 0.0066666667
0.0016666667 0.5000000000 0.0100000000
0.0016666667 0.5000000000 0.0166666667
0.0016666667 0.5000000000 0.0333333333
0.0016666667 0.5000000000 0.0500000000
0.0016666667 0.5000000000 0.1000000000
0.0025000000 0.5000000000 0.2500000000
0.0025000000 0.5000000000 0.0033333333
0.0025000000 0.5000000000 0.0008333333
0.0025000000 0.5000000000 0.0016666667
0.0025000000 0.5000000000 0.0025000000
0.0025000000 0.5000000000 0.0050000000
0.0025000000 0.5000000000 0.0066666667
0.0025000000 0.5000000000 0.0100000000
0.0025000000 0.5000000000 0.0166666667
0.0025000000 0.5000000000 0.0333333333
0.0025000000 0.5000000000 0.0500000000
0.0025000000 0.5000000000 0.1000000000
0.0050000000 0.5000000000 0.2500000000
0.0050000000 0.5000000000 0.0033333333
0.0050000000 0.5000000000 0.0008333333
0.0050000000 0.5000000000 0.0016666667
0.0050000000 0.5000000000 0.0025000000
0.0050000000 0.5000000000 0.0050000000
0.0050000000 0.5000000000 0.0066666667
0.0050000000 0.5000000000 0.0100000000
0.0050000000 0.5000000000 0.0166666667
0.0050000000 0.5000000000 0.0333333333
0.0050000000 0.5000000000 0.0500000000
0.0050000000 0.5000000000 0.1000000000
0.0066666667 0.5000000000 0.2500000000
0.0066666667 0.5000000000 0.0033333333
0.0066666667 0.5000000000 0.0008333333
0.0066666667 0.5000000000 0.0016666667
0.0066666667 0.5000000000 0.0025000000
0.0066666667 0.5000000000 0.0050000000
0.0066666667 0.5000000000 0.0066666667
0.0066666667 0.5000000000 0.0100000000
0.0066666667 0.5000000000 0.0166666667
0.0066666667 0.5000000000 0.0333333333
0.0066666667 0.5000000000 0.0500000000
0.0066666667 0.5000000000 0.1000000000
0.0100000000 0.5000000000 0.2500000000
0.0100000000 0.5000000000 0.0033333333
0.0100000000 0.5000000000 0.0008333333
0.0100000000 0.5000000000 0.0016666667
0.0100000000 0.5000000000 0.0025000000
0.0100000000 0.5000000000 0.0050000000
0.0100000000 0.5000000000 0.0066666667
0.0100000000 0.5000000000 0.0100000000
0.0100000000 0.5000000000 0.0166666667
0.0100000000 0.5000000000 0.0333333333
0.0100000000 0.5000000000 0.0500000000
0.0100000000 0.5000000000 0.1000000000
0.0166666667 0.5000000000 0.2500000000
0.0166666667 0.5000000000 0.0033333333
0.0166666667 0.5000000000 0.0008333333
0.0166666667 0.5000000000 0.0016666667
0.0166666667 0.5000000000 0.0025000000
0.0166666667 0.5000000000 0.0050000000
0.0166666667 0.5000000000 0.0066666667
0.0166666667 0.5000000000 0.0100000000
0.0166666667 0.5000000000 0.0166666667
0.0166666667 0.5000000000 0.0333333333
0.0166666667 0.5000000000 0.0500000000
0.0166666667 0.5000000000 0.1000000000
0.0333333333 0.5000000000 0.2500000000
0.0333333333 0.5000000000 0.0033333333
0.0333333333 0.5000000000 0.0008333333
0.0333333333 0.5000000000 0.0016666667
0.0333333333 0.5000000000 0.0025000000
0.0333333333 0.5000000000 0.0050000000
0.0333333333 0.5000000000 0.0066666667
0.0333333333 0.5000000000 0.0100000000
0.0333333333 0.5000000000 0.0166666667
0.0333333333 0.5000000000 0.0333333333
0.0333333333 0.5000000000 0.0500000000
0.0333333333 0.5000000000 0.1000000000
0.0500000000 0.5000000000 0.2500000000
0.0500000000 0.5000000000 0.0033333333
0.0500000000 0.5000000000 0.0008333333
0.0500000000 0.5000000000 0.0016666667
0.0500000000 0.5000000000 0.0025000000
0.0500000000 0.5000000000 0.0050000000
0.0500000000 0.5000000000 0.0066666667
0.0500000000 0.5000000000 0.0100000000
0.0500000000 0.5000000000 0.0166666667
0.0500000000 0.5000000000 0.0333333333
0.0500000000 0.5000000000 0.0500000000
0.0500000000 0.5000000000 0.1000000000
0.1000000000 0.5000000000 0.2500000000
0.1000000000 0.5000000000 0.0033333333
0.1000000000 0.5000000000 0.0008333333
0.1000000000 0.5000000000 0.0016666667
0.1000000000 0.5000000000 0.0025000000
0.1000000000 0.5000000000 0.0050000000
0.1000000000 0.5000000000 0.0066666667
0.1000000000 0.5000000000 0.0100000000
0.1000000000 0.5000000000 0.0166666667
0.1000000000 0.5000000000 0.0333333333
0.1000000000 0.5000000000 0.0500000000
0.1000000000 0.5000000000 0.1000000000
0.2233333333 0.3300000000 0.2233333333
0.2233333333 0.3300000000 0.0033333333
0.2233333333 0.3300000000 0.0008333333
0.2233333333 0.3300000000 0.0016666667
0.2233333333 0.3300000000 0.0025000000
0.2233333333 0.3300000000 0.0050000000
0.2233333333 0.3300000000 0.0066666667
0.2233333333 0.3300000000 0.0100000000
0.2233333333 0.3300000000 0.0166666667
0.2233333333 0.3300000000 0.0333333333
0.2233333333 0.3300000000 0.0500000000
0.2233333333 0.3300000000 0.1000000000
0.2233333333 0.3300000000 0.2500000000
0.0033333333 0.3300000000 0.2500000000
0.0033333333 0.3300000000 0.0033333333
0.0033333333 0.3300000000 0.0008333333
0.0033333333 0.3300000000 0.0016666667
0.0033333333 0.3300000000 0.0025000000
0.0033333333 0.3300000000 0.0050000000
0.0033333333 0.3300000000 0.0066666667
0.0033333333 0.3300000000 0.0100000000
0.0033333333 0.3300000000 0.0166666667
0.0033333333 0.3300000000 0.0333333333
0.0033333333 0.3300000000 0.0500000000
0.0033333333 0.3300000000 0.1000000000
0.0008333333 0.3300000000 0.2500000000
0.0008333333 0.3300000000 0.0033333333
0.0008333333 0.3300000000 0.0008333333
0.0008333333 0.3300000000 0.0016666667
0.0008333333 0.3300000000 0.0025000000
0.0008333333 0.3300000000 0.0050000000
0.0008333333 0.3300000000 0.0066666667
0.0008333333 0.3300000000 0.0100000000
0.0008333333 0.3300000000 0.0166666667
0.0008333333 0.3300000000 0.0333333333
0.0008333333 0.3300000000 0.0500000000
0.0008333333 0.3300000000 0.1000000000
0.0016666667 0.3300000000 0.2500000000
0.0016666667 0.3300000000 0.0033333333
0.0016666667 0.3300000000 0.0008333333
0.0016666667 0.3300000000 0.0016666667
0.0016666667 0.3300000000 0.0025000000
0.0016666667 0.3300000000 0.0050000000
0.0016666667 0.3300000000 0.0066666667
0.0016666667 0.3300000000 0.0100000000
0.0016666667 0.3300000000 0.0166666667
0.0016666667 0.3300000000 0.0333333333
0.0016666667 0.3300000000 0.0500000000
0.0016666667 0.3300000000 0.1000000000
0.0025000000 0.3300000000 0.2500000000
0.0025000000 0.3300000000 0.0033333333
0.0025000000 0.3300000000 0.0008333333
0.0025000000 0.3300000000 0.0016666667
0.0025000000 0.3300000000 0.0025000000
0.0025000000 0.3300000000 0.0050000000
0.0025000000 0.3300000000 0.0066666667
0.0025000000 0.3300000000 0.0100000000
0.0025000000 0.3300000000 0.0166666667
0.0025000000 0.3300000000 0.0333333333
0.0025000000 0.3300000000 0.0500000000
0.0025000000 0.3300000000 0.1000000000
0.0050000000 0.3300000000 0.2500000000
0.0050000000 0.3300000000 0.0033333333
0.0050000000 0.3300000000 0.0008333333
0.0050000000 0.3300000000 0.0016666667
0.0050000000 0.3300000000 0.0025000000
0.0050000000 0.3300000000 0.0050000000
0.0050000000 0.3300000000 0.0066666667
0.0050000000 0.3300000000 0.0100000000
0.0050000000 0.3300000000 0.0166666667
0.0050000000 0.3300000000 0.0333333333
0.0050000000 0.3300000000 0.0500000000
0.0050000000 0.3300000000 0.1000000000
0.0066666667 0.3300000000 0.2500000000
0.0066666667 0.3300000000 0.0033333333
0.0066666667 0.3300000000 0.0008333333
0.0066666667 0.3300000000 0.0016666667
0.0066666667 0.3300000000 0.0025000000
0.0066666667 0.3300000000 0.0050000000
0.0066666667 0.3300000000 0.0066666667
0.0066666667 0.3300000000 0.0100000000
0.0066666667 0.3300000000 0.0166666667
0.0066666667 0.3300000000 0.0333333333
0.0066666667 0.3300000000 0.0500000000
0.0066666667 0.3300000000 0.1000000000
0.0100000000 0.3300000000 0.2500000000
0.0100000000 0.3300000000 0.0033333333
0.0100000000 0.3300000000 0.0008333333
0.0100000000 0.3300000000 0.0016666667
0.0100000000 0.3300000000 0.0025000000
0.0100000000 0.3300000000 0.0050000000
0.0100000000 0.3300000000 0.0066666667
0.0100000000 0.3300000000 0.0100000000
0.0100000000 0.3300000000 0.0166666667
0.0100000000 0.3300000000 0.0333333333
0.0100000000 0.3300000000 0.0500000000
0.0100000000 0.3300000000 0.1000000000
0.0166666667 0.3300000000 0.2500000000
0.0166666667 0.3300000000 0.0033333333
0.0166666667 0.3300000000 0.0008333333
0.0166666667 0.3300000000 0.0016666667
0.0166666667 0.3300000000 0.0025000000
0.0166666667 0.3300000000 0.0050000000
0.0166666667 0.3300000000 0.0066666667
0.0166666667 0.3300000000 0.0100000000
0.0166666667 0.3300000000 0.0166666667
0.0166666667 0.3300000000 0.0333333333
0.0166666667 0.3300000000 0.0500000000
0.0166666667 0.3300000000 0.1000000000
0.0333333333 0.3300000000 0.2500000000
0.0333333333 0.3300000000 0.0033333333
0.0333333333 0.3300000000 0.0008333333
0.0333333333 0.3300000000 0.0016666667
0.0333333333 0.3300000000 0.0025000000
0.0333333333 0.3300000000 0.0050000000
0.0333333333 0.3300000000 0.0066666667
0.0333333333 0.3300000000 0.0100000000
0.0333333333 0.3300000000 0.0166666667
0.0333333333 0.3300000000 0.0333333333
0.0333333333 0.3300000000 0.0500000000
0.0333333333 0.3300000000 0.1000000000
0.0500000000 0.3300000000 0.2500000000
0.0500000000 0.3300000000 0.0033333333
0.0500000000 0.3300000000 0.0008333333
0.0500000000 0.3300000000 0.0016666667
0.0500000000 0.3300000000 0.0025000000
0.0500000000 0.3300000000 0.0050000000
0.0500000000 0.3300000000 0.0066666667
0.0500000000 0.3300000000 0.0100000000
0.0500000000 0.3300000000 0.0166666667
0.0500000000 0.3300000000 0.0333333333
0.0500000000 0.3300000000 0.0500000000
0.0500000000 0.3300000000 0.1000000000
0.1000000000 0.3300000000 0.2500000000
0.1000000000 0.3300000000 0.0033333333
0.1000000000 0.3300000000 0.0008333333
0.1000000000 0.3300000000 0.0016666667
0.1000000000 0.3300000000 0.0025000000
0.1000000000 0.3300000000 0.0050000000
0.1000000000 0.3300000000 0.0066666667
0.1000000000 0.3300000000 0.0100000000
0.1000000000 0.3300000000 0.0166666667
0.1000000000 0.3300000000 0.0333333333
0.1000000000 0.3300000000 0.0500000000
0.1000000000 0.3300000000 0.1000000000
0.2500000000 0.3300000000 0.2500000000
0.2500000000 0.3300000000 0.0033333333
0.2500000000 0.3300000000 0.0008333333
0.2500000000 0.3300000000 0.0016666667
0.2500000000 0.3300000000 0.0025000000
0.2500000000 0.3300000000 0.0050000000
0.2500000000 0.3300000000 0.0066666667
0.2500000000 0.3300000000 0.0100000000
0.2500000000 0.3300000000 0.0166666667
0.2500000000 0.3300000000 0.0333333333
0.2500000000 0.3300000000 0.0500000000
0.2500000000 0.3300000000 0.1000000000
0.0003333333 0.0003333333 0.9990000000
0.0008333333 0.0008333333 0.9975000000
0.0016666667 0.0016666667 0.9950000000
0.0016666667 0.0008333333 0.9950000000
0.0033333333 0.0008333333 0.9950000000
0.0008333333 0.0033333333 0.9950000000
0.0008333333 0.0008333333 0.9950000000
0.0008333333 0.0016666667 0.9950000000
0.0008333333 0.0025000000 0.9950000000
0.0016666667 0.0025000000 0.9950000000
0.0025000000 0.0008333333 0.9950000000
0.0025000000 0.0016666667 0.9950000000
0.0025000000 0.0025000000 0.9925000000
0.0025000000 0.0033333333 0.9925000000
0.0025000000 0.0008333333 0.9925000000
0.0025000000 0.0016666667 0.9925000000
0.0033333333 0.0033333333 0.9925000000
0.0033333333 0.0008333333 0.9925000000
0.0033333333 0.0016666667 0.9925000000
0.0033333333 0.0025000000 0.9925000000
0.0008333333 0.0033333333 0.9925000000
0.0008333333 0.0016666667 0.9925000000
0.0008333333 0.0050000000 0.9925000000
0.0016666667 0.0033333333 0.9925000000
0.0016666667 0.0008333333 0.9925000000
0.0016666667 0.0025000000 0.9925000000
0.0016666667 0.0050000000 0.9925000000
0.0050000000 0.0008333333 0.9925000000
0.0050000000 0.0016666667 0.9925000000
0.0050000000 0.0050000000 0.9850000000
0.0050000000 0.0033333333 0.9850000000
0.0050000000 0.0008333333 0.9850000000
0.0050000000 0.0016666667 0.9850000000
0.0050000000 0.0025000000 0.9850000000
0.0050000000 0.0066666667 0.9850000000
0.0033333333 0.0016666667 0.9850000000
0.0033333333 0.0050000000 0.9850000000
0.0033333333 0.0066666667 0.9850000000
0.0033333333 0.0100000000 0.9850000000
0.0016666667 0.0033333333 0.9850000000
0.0016666667 0.0066666667 0.9850000000
0.0016666667 0.0100000000 0.9850000000
0.0025000000 0.0025000000 0.9850000000
0.0025000000 0.0100000000 0.9850000000
0.0066666667 0.0033333333 0.9850000000
0.0066666667 0.0016666667 0.9850000000
0.0066666667 0.0050000000 0.9850000000
0.0066666667 0.0066666667 0.9850000000
0.0100000000 0.0033333333 0.9850000000
0.0100000000 0.0016666667 0.9850000000
0.0100000000 0.0025000000 0.9850000000
0.0066666667 0.0066666667 0.9800000000
0.0066666667 0.0033333333 0.9800000000
0.0066666667 0.0008333333 0.9800000000
0.0066666667 0.0016666667 0.9800000000
0.0066666667 0.0025000000 0.9800000000
0.0066666667 0.0050000000 0.9800000000
0.0066666667 0.0100000000 0.9800000000
0.0033333333 0.0066666667 0.9800000000
0.0033333333 0.0100000000 0.9800000000
0.0008333333 0.0025000000 0.9800000000
0.0008333333 0.0166666667 0.9800000000
0.0016666667 0.0016666667 0.9800000000
0.0016666667 0.0166666667 0.9800000000
0.0025000000 0.0008333333 0.9800000000
0.0025000000 0.0166666667 0.9800000000
0.0050000000 0.0050000000 0.9800000000
0.0050000000 0.0100000000 0.9800000000
0.0100000000 0.0033333333 0.9800000000
0.0100000000 0.0050000000 0.9800000000
0.0100000000 0.0066666667 0.9800000000
0.0166666667 0.0008333333 0.9800000000
0.0166666667 0.0016666667 0.9800000000
0.0166666667 0.0025000000 0.9800000000
0.0100000000 0.0100000000 0.9700000000
0.0100000000 0.0033333333 0.9700000000
0.0100000000 0.0008333333 0.9700000000
0.0100000000 0.0016666667 0.9700000000
0.0100000000 0.0025000000 0.9700000000
0.0100000000 0.0050000000 0.9700000000
0.0100000000 0.0066666667 0.9700000000
0.0100000000 0.0166666667 0.9700000000
0.0033333333 0.0100000000 0.9700000000
0.0033333333 0.0166666667 0.9700000000
0.0066666667 0.0066666667 0.9700000000
0.0066666667 0.0166666667 0.9700000000
0.0166666667 0.0033333333 0.9700000000
0.0166666667 0.0066666667 0.9700000000
0.0166666667 0.0100000000 0.9700000000
0.0166666667 0.0166666667 0.9500000000
0.0166666667 0.0033333333 0.9500000000
0.0166666667 0.0008333333 0.9500000000
0.0166666667 0.0016666667 0.9500000000
0.0166666667 0.0025000000 0.9500000000
0.0166666667 0.0050000000 0.9500000000
0.0166666667 0.0066666667 0.9500000000
0.0166666667 0.0100000000 0.9500000000
0.0066666667 0.0100000000 0.9500000000
0.0066666667 0.0333333333 0.9500000000
0.0100000000 0.0066666667 0.9500000000
0.0100000000 0.0333333333 0.9500000000
0.0333333333 0.0066666667 0.9500000000
0.0333333333 0.0100000000 0.9500000000
0.0333333333 0.0333333333 0.9000000000
0.0333333333 0.0033333333 0.9000000000
0.0333333333 0.0008333333 0.9000000000
0.0333333333 0.0016666667 0.9000000000
0.0333333333 0.0025000000 0.9000000000
0.0333333333 0.0050000000 0.9000000000
0.0333333333 0.0066666667 0.9000000000
0.0333333333 0.0100000000 0.9000000000
0.0333333333 0.0166666667 0.9000000000
0.0333333333 0.0500000000 0.9000000000
0.0166666667 0.0333333333 0.9000000000
0.0166666667 0.0500000000 0.9000000000
0.0500000000 0.0166666667 0.9000000000
0.0500000000 0.0333333333 0.9000000000
0.0833333333 0.0833333333 0.7500000000
0.0833333333 0.0033333333 0.7500000000
0.0833333333 0.0008333333 0.7500000000
0.0833333333 0.0016666667 0.7500000000
0.0833333333 0.0025000000 0.7500000000
0.0833333333 0.0050000000 0.7500000000
0.0833333333 0.0066666667 0.7500000000
0.0833333333 0.0100000000 0.7500000000
0.0833333333 0.0166666667 0.7500000000
0.0833333333 0.0333333333 0.7500000000
0.0833333333 0.0500000000 0.7500000000
0.0833333333 0.1000000000 0.7500000000
0.0500000000 0.1000000000 0.7500000000
0.1000000000 0.0500000000 0.7500000000
0.1000000000 0.1000000000 0.7500000000
0.1666666667 0.1666666667 0.5000000000
0.1666666667 0.0033333333 0.5000000000
0.1666666667 0.0008333333 0.5000000000
0.1666666667 0.0016666667 0.5000000000
0.1666666667 0.0025000000 0.5000000000
0.1666666667 0.0050000000 0.5000000000
0.1666666667 0.0066666667 0.5000000000
0.1666666667 0.0100000000 0.5000000000
0.1666666667 0.0166666667 0.5000000000
0.1666666667 0.0333333333 0.5000000000
0.1666666667 0.0500000000 0.5000000000
0.1666666667 0.1000000000 0.5000000000
0.1666666667 0.2500000000 0.5000000000
0.0033333333 0.2500000000 0.5000000000
0.0033333333 0.0033333333 0.5000000000
0.0033333333 0.0008333333 0.5000000000
0.0033333333 0.0016666667 0.5000000000
0.0033333333 0.0025000000 0.5000000000
0.0033333333 0.0050000000 0.5000000000
0.0033333333 0.0066666667 0.5000000000
0.0033333333 0.0100000000 0.5000000000
0.0033333333 0.0166666667 0.5000000000
0.0033333333 0.0333333333 0.5000000000
0.0033333333 0.0500000000 0.5000000000
0.0033333333 0.1000000000 0.5000000000
0.0008333333 0.2500000000 0.5000000000
0.0008333333 0.0033333333 0.5000000000
0.0008333333 0.0008333333 0.5000000000
0.0008333333 0.0016666667 0.5000000000
0.0008333333 0.0025000000 0.5000000000
0.0008333333 0.0050000000 0.5000000000
0.0008333333 0.0066666667 0.5000000000
0.0008333333 0.0100000000 0.5000000000
0.0008333333 0.0166666667 0.5000000000
0.0008333333 0.0333333333 0.5000000000
0.0008333333 0.0500000000 0.5000000000
0.0008333333 0.1000000000 0.5000000000
0.0016666667 0.2500000000 0.5000000000
0.0016666667 0.0033333333 0.5000000000
0.0016666667 0.0008333333 0.5000000000
0.0016666667 0.0016666667 0.5000000000
0.0016666667 0.0025000000 0.5000000000
0.0016666667 0.0050000000 0.5000000000
0.0016666667 0.0066666667 0.5000000000
0.0016666667 0.0100000000 0.5000000000
0.0016666667 0.0166666667 0.5000000000
0.0016666667 0.0333333333 0.5000000000
0.0016666667 0.0500000000 0.5000000000
0.0016666667 0.1000000000 0.5000000000
0.0025000000 0.2500000000 0.5000000000
0.0025000000 0.0033333333 0.5000000000
0.0025000000 0.0008333333 0.5000000000
0.0025000000 0.0016666667 0.5000000000
0.0025000000 0.0025000000 0.5000000000
0.0025000000 0.0050000000 0.5000000000
0.0025000000 0.0066666667 0.5000000000
0.0025000000 0.0100000000 0.5000000000
0.0025000000 0.0166666667 0.5000000000
0.0025000000 0.0333333333 0.5000000000
0.0025000000 0.0500000000 0.5000000000
0.0025000000 0.1000000000 0.5000000000
0.0050000000 0.2500000000 0.5000000000
0.0050000000 0.0033333333 0.5000000000
0.0050000000 0.0008333333 0.5000000000
0.0050000000 0.0016666667 0.5000000000
0.0050000000 0.0025000000 0.5000000000
0.0050000000 0.0050000000 0.5000000000
0.0050000000 0.0066666667 0.5000000000
0.0050000000 0.0100000000 0.5000000000
0.0050000000 0.0166666667 0.5000000000
0.0050000000 0.0333333333 0.5000000000
0.0050000000 0.0500000000 0.5000000000
0.0050000000 0.1000000000 0.5000000000
0.0066666667 0.2500000000 0.5000000000
0.0066666667 0.0033333333 0.5000000000
0.0066666667 0.0008333333 0.5000000000
0.0066666667 0.0016666667 0.5000000000
0.0066666667 0.0025000000 0.5000000000
0.0066666667 0.0050000000 0.5000000000
0.0066666667 0.0066666667 0.5000000000
0.0066666667 0.0100000000 0.5000000000
0.0066666667 0.0166666667 0.5000000000
0.0066666667 0.0333333333 0.5000000000
0.0066666667 0.0500000000 0.5000000000
0.0066666667 0.1000000000 0.5000000000
0.0100000000 0.2500000000 0.5000000000
0.0100000000 0.0033333333 0.5000000000
0.0100000000 0.0008333333 0.5000000000
0.0100000000 0.0016666667 0.5000000000
0.0100000000 0.0025000000 0.5000000000
0.0100000000 0.0050000000 0.5000000000
0.0100000000 0.0066666667 0.5000000000
0.0100000000 0.0100000000 0.5000000000
0.0100000000 0.0166666667 0.5000000000
0.0100000000 0.0333333333 0.5000000000
0.0100000000 0.0500000000 0.5000000000
0.0100000000 0.1000000000 0.5000000000
0.0166666667 0.2500000000 0.5000000000
0.0166666667 0.0033333333 0.5000000000
0.0166666667 0.0008333333 0.5000000000
0.0166666667 0.0016666667 0.5000000000
0.0166666667 0.0025000000 0.5000000000
0.0166666667 0.0050000000 0.5000000000
0.0166666667 0.0066666667 0.5000000000
0.0166666667 0.0100000000 0.5000000000
0.0166666667 0.0166666667 0.5000000000
0.0166666667 0.0333333333 0.5000000000
0.0166666667 0.0500000000 0.5000000000
0.0166666667 0.1000000000 0.5000000000
0.0333333333 0.2500000000 0.5000000000
0.0333333333 0.0033333333 0.5000000000
0.0333333333 0.0008333333 0.5000000000
0.0333333333 0.0016666667 0.5000000000
0.0333333333 0.0025000000 0.5000000000
0.0333333333 0.0050000000 0.5000000000
0.0333333333 0.0066666667 0.5000000000
0.0333333333 0.0100000000 0.5000000000
0.0333333333 0.0166666667 0.5000000000
0.0333333333 0.0333333333 0.5000000000
0.0333333333 0.0500000000 0.5000000000
0.0333333333 0.1000000000 0.5000000000
0.0500000000 0.2500000000 0.5000000000
0.0500000000 0.0033333333 0.5000000000
0.0500000000 0.0008333333 0.5000000000
0.0500000000 0.0016666667 0.5000000000
0.0500000000 0.0025000000 0.5000000000
0.0500000000 0.0050000000 0.5000000000
0.0500000000 0.0066666667 0.5000000000
0.0500000000 0.0100000000 0.5000000000
0.0500000000 0.0166666667 0.5000000000
0.0500000000 0.0333333333 0.5000000000
0.0500000000 0.0500000000 0.5000000000
0.0500000000 0.1000000000 0.5000000000
0.1000000000 0.2500000000 0.5000000000
0.1000000000 0.0033333333 0.5000000000
0.1000000000 0.0008333333 0.5000000000
0.1000000000 0.0016666667 0.5000000000
0.1000000000 0.0025000000 0.5000000000
0.1000000000 0.0050000000 0.5000000000
0.1000000000 0.0066666667 0.5000000000
0.1000000000 0.0100000000 0.5000000000
0.1000000000 0.0166666667 0.5000000000
0.1000000000 0.0333333333 0.5000000000
0.1000000000 0.0500000000 0.5000000000
0.1000000000 0.1000000000 0.5000000000
0.2233333333 0.2233333333 0.3300000000
0.2233333333 0.0033333333 0.3300000000
0.2233333333 0.0008333333 0.3300000000
0.2233333333 0.0016666667 0.3300000000
0.2233333333 0.0025000000 0.3300000000
0.2233333333 0.0050000000 0.3300000000
0.2233333333 0.0066666667 0.3300000000
0.2233333333 0.0100000000 0.3300000000
0.2233333333 0.0166666667 0.3300000000
0.2233333333 0.0333333333 0.3300000000
0.2233333333 0.0500000000 0.3300000000
0.2233333333 0.1000000000 0.3300000000
0.2233333333 0.2500000000 0.3300000000
0.0033333333 0.2500000000 0.3300000000
0.0033333333 0.0033333333 0.3300000000
0.0033333333 0.0008333333 0.3300000000
0.0033333333 0.0016666667 0.3300000000
0.0033333333 0.0025000000 0.3300000000
0.0033333333 0.0050000000 0.3300000000
0.0033333333 0.0066666667 0.3300000000
0.0033333333 0.0100000000 0.3300000000
0.0033333333 0.0166666667 0.3300000000
0.0033333333 0.0333333333 0.3300000000
0.0033333333 0.0500000000 0.3300000000
0.0033333333 0.1000000000 0.3300000000
0.0008333333 0.2500000000 0.3300000000
0.0008333333 0.0033333333 0.3300000000
0.0008333333 0.0008333333 0.3300000000
0.0008333333 0.0016666667 0.3300000000
0.0008333333 0.0025000000 0.3300000000
0.0008333333 0.0050000000 0.3300000000
0.0008333333 0.0066666667 0.3300000000
0.0008333333 0.0100000000 0.3300000000
0.0008333333 0.0166666667 0.3300000000
0.0008333333 0.0333333333 0.3300000000
0.0008333333 0.0500000000 0.3300000000
0.0008333333 0.1000000000 0.3300000000
0.0016666667 0.2500000000 0.3300000000
0.0016666667 0.0033333333 0.3300000000
0.0016666667 0.0008333333 0.3300000000
0.0016666667 0.0016666667 0.3300000000
0.0016666667 0.0025000000 0.3300000000
0.0016666667 0.0050000000 0.3300000000
0.0016666667 0.0066666667 0.3300000000
0.0016666667 0.0100000000 0.3300000000
0.0016666667 0.0166666667 0.3300000000
0.0016666667 0.0333333333 0.3300000000
0.0016666667 0.0500000000 0.3300000000
0.0016666667 0.1000000000 0.3300000000
0.0025000000 0.2500000000 0.3300000000
0.0025000000 0.0033333333 0.3300000000
0.0025000000 0.0008333333 0.3300000000
0.0025000000 0.0016666667 0.3300000000
0.0025000000 0.0025000000 0.3300000000
0.0025000000 0.0050000000 0.3300000000
0.0025000000 0.0066666667 0.3300000000
0.0025000000 0.0100000000 0.3300000000
0.0025000000 0.0166666667 0.3300000000
0.0025000000 0.0333333333 0.3300000000
0.0025000000 0.0500000000 0.3300000000
0.0025000000 0.1000000000 0.3300000000
0.0050000000 0.2500000000 0.3300000000
0.0050000000 0.0033333333 0.3300000000
0.0050000000 0.0008333333 0.3300000000
0.0050000000 0.0016666667 0.3300000000
0.0050000000 0.0025000000 0.3300000000
0.0050000000 0.0050000000 0.3300000000
0.0050000000 0.0066666667 0.3300000000
0.0050000000 0.0100000000 0.3300000000
0.0050000000 0.0166666667 0.3300000000
0.0050000000 0.0333333333 0.3300000000
0.0050000000 0.0500000000 0.3300000000
0.0050000000 0.1000000000 0.3300000000
0.0066666667 0.2500000000 0.3300000000
0.0066666667 0.0033333333 0.3300000000
0.0066666667 0.0008333333 0.3300000000
0.0066666667 0.0016666667 0.3300000000
0.0066666667 0.0025000000 0.3300000000
0.0066666667 0.0050000000 0.3300000000
0.0066666667 0.0066666667 0.3300000000
0.0066666667 0.0100000000 0.3300000000
0.0066666667 0.0166666667 0.3300000000
0.0066666667 0.0333333333 0.3300000000
0.0066666667 0.0500000000 0.3300000000
0.0066666667 0.1000000000 0.3300000000
0.0100000000 0.2500000000 0.3300000000
0.0100000000 0.0033333333 0.3300000000
0.0100000000 0.0008333333 0.3300000000
0.0100000000 0.0016666667 0.3300000000
0.0100000000 0.0025000000 0.3300000000
0.0100000000 0.0050000000 0.3300000000
0.0100000000 0.0066666667 0.3300000000
0.0100000000 0.0100000000 0.3300000000
0.0100000000 0.0166666667 0.3300000000
0.0100000000 0.0333333333 0.3300000000
0.0100000000 0.0500000000 0.3300000000
0.0100000000 0.1000000000 0.3300000000
0.0166666667 0.2500000000 0.3300000000
0.0166666667 0.0033333333 0.3300000000
0.0166666667 0.0008333333 0.3300000000
0.0166666667 0.0016666667 0.3300000000
0.0166666667 0.0025000000 0.3300000000
0.0166666667 0.0050000000 0.3300000000
0.0166666667 0.0066666667 0.3300000000
0.0166666667 0.0100000000 0.3300000000
0.0166666667 0.0166666667 0.3300000000
0.0166666667 0.0333333333 0.3300000000
0.0166666667 0.0500000000 0.3300000000
0.0166666667 0.1000000000 0.3300000000
0.0333333333 0.2500000000 0.3300000000
0.0333333333 0.0033333333 0.3300000000
0.0333333333 0.0008333333 0.3300000000
0.0333333333 0.0016666667 0.3300000000
0.0333333333 0.0025000000 0.3300000000
0.0333333333 0.0050000000 0.3300000000
0.0333333333 0.0066666667 0.3300000000
0.0333333333 0.0100000000 0.3300000000
0.0333333333 0.0166666667 0.3300000000
0.0333333333 0.0333333333 0.3300000000
0.0333333333 0.0500000000 0.3300000000
0.0333333333 0.1000000000 0.3300000000
0.0500000000 0.2500000000 0.3300000000
0.0500000000 0.0033333333 0.3300000000
0.0500000000 0.0008333333 0.3300000000
0.0500000000 0.0016666667 0.3300000000
0.0500000000 0.0025000000 0.3300000000
0.0500000000 0.0050000000 0.3300000000
0.0500000000 0.0066666667 0.3300000000
0.0500000000 0.0100000000 0.3300000000
0.0500000000 0.0166666667 0.3300000000
0.0500000000 0.0333333333 0.3300000000
0.0500000000 0.0500000000 0.3300000000
0.0500000000 0.1000000000 0.3300000000
0.1000000000 0.2500000000 0.3300000000
0.1000000000 0.0033333333 0.3300000000
0.1000000000 0.0008333333 0.3300000000
0.1000000000 0.0016666667 0.3300000000
0.1000000000 0.0025000000 0.3300000000
0.1000000000 0.0050000000 0.3300000000
0.1000000000 0.0066666667 0.3300000000
0.1000000000 0.0100000000 0.3300000000
0.1000000000 0.0166666667 0.3300000000
0.1000000000 0.0333333333 0.3300000000
0.1000000000 0.0500000000 0.3300000000
0.1000000000 0.1000000000 0.3300000000
0.2500000000 0.2500000000 0.3300000000
0.2500000000 0.0033333333 0.3300000000
0.2500000000 0.0008333333 0.3300000000
0.2500000000 0.0016666667 0.3300000000
0.2500000000 0.0025000000 0.3300000000
0.2500000000 0.0050000000 0.3300000000
0.2500000000 0.0066666667 0.3300000000
0.2500000000 0.0100000000 0.3300000000
0.2500000000 0.0166666667 0.3300000000
0.2500000000 0.0333333333 0.3300000000
0.2500000000 0.0500000000 0.3300000000
0.2500000000 0.1000000000 0.3300000000
0.0003333333 0.0003333333 0.0003333333
0.0008333333 0.0008333333 0.0008333333
0.0016666667 0.0016666667 0.0016666667
0.0016666667 0.0016666667 0.0008333333
0.0016666667 0.0008333333 0.0008333333
0.0016666667 0.0008333333 0.0016666667
0.0033333333 0.0008333333 0.0008333333
0.0008333333 0.0033333333 0.0008333333
0.0008333333 0.0008333333 0.0033333333
0.0008333333 0.0016666667 0.0025000000
0.0008333333 0.0025000000 0.0016666667
0.0016666667 0.0008333333 0.0025000000
0.0016666667 0.0025000000 0.0008333333
0.0025000000 0.0008333333 0.0016666667
0.0025000000 0.0016666667 0.0008333333
0.0025000000 0.0025000000 0.0025000000
0.0025000000 0.0025000000 0.0008333333
0.0025000000 0.0025000000 0.0016666667
0.0025000000 0.0033333333 0.0008333333
0.0025000000 0.0008333333 0.0033333333
0.0025000000 0.0008333333 0.0008333333
0.0025000000 0.0008333333 0.0025000000
0.0025000000 0.0016666667 0.0016666667
0.0025000000 0.0016666667 0.0025000000
0.0033333333 0.0033333333 0.0008333333
0.0033333333 0.0008333333 0.0033333333
0.0033333333 0.0016666667 0.0025000000
0.0033333333 0.0025000000 0.0016666667
0.0008333333 0.0033333333 0.0033333333
0.0008333333 0.0016666667 0.0050000000
0.0008333333 0.0050000000 0.0016666667
0.0016666667 0.0033333333 0.0025000000
0.0016666667 0.0008333333 0.0050000000
0.0016666667 0.0025000000 0.0033333333
0.0016666667 0.0050000000 0.0008333333
0.0025000000 0.0033333333 0.0016666667
0.0025000000 0.0016666667 0.0033333333
0.0050000000 0.0008333333 0.0016666667
0.0050000000 0.0016666667 0.0008333333
0.0050000000 0.0050000000 0.0050000000
0.0050000000 0.0050000000 0.0033333333
0.0050000000 0.0050000000 0.0008333333
0.0050000000 0.0050000000 0.0016666667
0.0050000000 0.0050000000 0.0025000000
0.0050000000 0.0033333333 0.0033333333
0.0050000000 0.0033333333 0.0008333333
0.0050000000 0.0033333333 0.0016666667
0.0050000000 0.0033333333 0.0025000000
0.0050000000 0.0033333333 0.0050000000
0.0050000000 0.0008333333 0.0033333333
0.0050000000 0.0008333333 0.0008333333
0.0050000000 0.0008333333 0.0025000000
0.0050000000 0.0008333333 0.0050000000
0.0050000000 0.0008333333 0.0066666667
0.0050000000 0.0016666667 0.0033333333
0.0050000000 0.0016666667 0.0016666667
0.0050000000 0.0016666667 0.0025000000
0.0050000000 0.0016666667 0.0050000000
0.0050000000 0.0016666667 0.0066666667
0.0050000000 0.0025000000 0.0033333333
0.0050000000 0.0025000000 0.0008333333
0.0050000000 0.0025000000 0.0016666667
0.0050000000 0.0025000000 0.0025000000
0.0050000000 0.0025000000 0.0050000000
0.0050000000 0.0025000000 0.0066666667
0.0050000000 0.0066666667 0.0008333333
0.0050000000 0.0066666667 0.0016666667
0.0050000000 0.0066666667 0.0025000000
0.0033333333 0.0016666667 0.0100000000
0.0033333333 0.0050000000 0.0066666667
0.0033333333 0.0066666667 0.0050000000
0.0033333333 0.0100000000 0.0016666667
0.0016666667 0.0033333333 0.0100000000
0.0016666667 0.0066666667 0.0066666667
0.0016666667 0.0100000000 0.0033333333
0.0025000000 0.0025000000 0.0100000000
0.0025000000 0.0100000000 0.0025000000
0.0050000000 0.0033333333 0.0066666667
0.0050000000 0.0066666667 0.0033333333
0.0066666667 0.0033333333 0.0050000000
0.0066666667 0.0016666667 0.0066666667
0.0066666667 0.0050000000 0.0033333333
0.0066666667 0.0066666667 0.0016666667
0.0100000000 0.0033333333 0.0016666667
0.0100000000 0.0016666667 0.0033333333
0.0100000000 0.0025000000 0.0025000000
0.0066666667 0.0066666667 0.0066666667
0.0066666667 0.0066666667 0.0033333333
0.0066666667 0.0066666667 0.0008333333
0.0066666667 0.0066666667 0.0025000000
0.0066666667 0.0066666667 0.0050000000
0.0066666667 0.0033333333 0.0033333333
0.0066666667 0.0033333333 0.0008333333
0.0066666667 0.0033333333 0.0016666667
0.0066666667 0.0033333333 0.0025000000
0.0066666667 0.0033333333 0.0066666667
0.0066666667 0.0008333333 0.0033333333
0.0066666667 0.0008333333 0.0008333333
0.0066666667 0.0008333333 0.0016666667
0.0066666667 0.0008333333 0.0025000000
0.0066666667 0.0008333333 0.0050000000
0.0066666667 0.0008333333 0.0066666667
0.0066666667 0.0008333333 0.0100000000
0.0066666667 0.0016666667 0.0033333333
0.0066666667 0.0016666667 0.0008333333
0.0066666667 0.0016666667 0.0016666667
0.0066666667 0.0016666667 0.0025000000
0.0066666667 0.0016666667 0.0050000000
0.0066666667 0.0016666667 0.0100000000
0.0066666667 0.0025000000 0.0033333333
0.0066666667 0.0025000000 0.0008333333
0.0066666667 0.0025000000 0.0016666667
0.0066666667 0.0025000000 0.0025000000
0.0066666667 0.0025000000 0.0050000000
0.0066666667 0.0025000000 0.0066666667
0.0066666667 0.0025000000 0.0100000000
0.0066666667 0.0050000000 0.0008333333
0.0066666667 0.0050000000 0.0016666667
0.0066666667 0.0050000000 0.0025000000
0.0066666667 0.0050000000 0.0050000000
0.0066666667 0.0050000000 0.0066666667
0.0066666667 0.0100000000 0.0008333333
0.0066666667 0.0100000000 0.0016666667
0.0066666667 0.0100000000 0.0025000000
0.0033333333 0.0066666667 0.0100000000
0.0033333333 0.0100000000 0.0066666667
0.0008333333 0.0025000000 0.0166666667
0.0008333333 0.0166666667 0.0025000000
0.0016666667 0.0016666667 0.0166666667
0.0016666667 0.0166666667 0.0016666667
0.0025000000 0.0008333333 0.0166666667
0.0025000000 0.0166666667 0.0008333333
0.0050000000 0.0050000000 0.0100000000
0.0050000000 0.0100000000 0.0050000000
0.0066666667 0.0033333333 0.0100000000
0.0066666667 0.0100000000 0.0033333333
0.0100000000 0.0033333333 0.0066666667
0.0100000000 0.0050000000 0.0050000000
0.0100000000 0.0066666667 0.0033333333
0.0166666667 0.0008333333 0.0025000000
0.0166666667 0.0016666667 0.0016666667
0.0166666667 0.0025000000 0.0008333333
0.0100000000 0.0100000000 0.0100000000
0.0100000000 0.0100000000 0.0033333333
0.0100000000 0.0100000000 0.0008333333
0.0100000000 0.0100000000 0.0016666667
0.0100000000 0.0100000000 0.0025000000
0.0100000000 0.0100000000 0.0050000000
0.0100000000 0.0100000000 0.0066666667
0.0100000000 0.0033333333 0.0033333333
0.0100000000 0.0033333333 0.0008333333
0.0100000000 0.0033333333 0.0025000000
0.0100000000 0.0033333333 0.0050000000
0.0100000000 0.0033333333 0.0100000000
0.0100000000 0.0008333333 0.0033333333
0.0100000000 0.0008333333 0.0008333333
0.0100000000 0.0008333333 0.0016666667
0.0100000000 0.0008333333 0.0025000000
0.0100000000 0.0008333333 0.0050000000
0.0100000000 0.0008333333 0.0066666667
0.0100000000 0.0008333333 0.0100000000
0.0100000000 0.0008333333 0.0166666667
0.0100000000 0.0016666667 0.0008333333
0.0100000000 0.0016666667 0.0016666667
0.0100000000 0.0016666667 0.0025000000
0.0100000000 0.0016666667 0.0050000000
0.0100000000 0.0016666667 0.0066666667
0.0100000000 0.0016666667 0.0100000000
0.0100000000 0.0016666667 0.0166666667
0.0100000000 0.0025000000 0.0033333333
0.0100000000 0.0025000000 0.0008333333
0.0100000000 0.0025000000 0.0016666667
0.0100000000 0.0025000000 0.0050000000
0.0100000000 0.0025000000 0.0066666667
0.0100000000 0.0025000000 0.0100000000
0.0100000000 0.0025000000 0.0166666667
0.0100000000 0.0050000000 0.0033333333
0.0100000000 0.0050000000 0.0008333333
0.0100000000 0.0050000000 0.0016666667
0.0100000000 0.0050000000 0.0025000000
0.0100000000 0.0050000000 0.0066666667
0.0100000000 0.0050000000 0.0100000000
0.0100000000 0.0066666667 0.0008333333
0.0100000000 0.0066666667 0.0016666667
0.0100000000 0.0066666667 0.0025000000
0.0100000000 0.0066666667 0.0050000000
0.0100000000 0.0066666667 0.0066666667
0.0100000000 0.0066666667 0.0100000000
0.0100000000 0.0166666667 0.0008333333
0.0100000000 0.0166666667 0.0016666667
0.0100000000 0.0166666667 0.0025000000
0.0033333333 0.0100000000 0.0166666667
0.0033333333 0.0166666667 0.0100000000
0.0066666667 0.0066666667 0.0166666667
0.0066666667 0.0166666667 0.0066666667
0.0100000000 0.0033333333 0.0166666667
0.0100000000 0.0166666667 0.0033333333
0.0166666667 0.0033333333 0.0100000000
0.0166666667 0.0066666667 0.0066666667
0.0166666667 0.0100000000 0.0033333333
0.0166666667 0.0166666667 0.0166666667
0.0166666667 0.0166666667 0.0033333333
0.0166666667 0.0166666667 0.0008333333
0.0166666667 0.0166666667 0.0016666667
0.0166666667 0.0166666667 0.0025000000
0.0166666667 0.0166666667 0.0050000000
0.0166666667 0.0166666667 0.0066666667
0.0166666667 0.0166666667 0.0100000000
0.0166666667 0.0033333333 0.0033333333
0.0166666667 0.0033333333 0.0008333333
0.0166666667 0.0033333333 0.0016666667
0.0166666667 0.0033333333 0.0025000000
0.0166666667 0.0033333333 0.0050000000
0.0166666667 0.0033333333 0.0066666667
0.0166666667 0.0033333333 0.0166666667
0.0166666667 0.0008333333 0.0033333333
0.0166666667 0.0008333333 0.0008333333
0.0166666667 0.0008333333 0.0016666667
0.0166666667 0.0008333333 0.0050000000
0.0166666667 0.0008333333 0.0066666667
0.0166666667 0.0008333333 0.0100000000
0.0166666667 0.0008333333 0.0166666667
0.0166666667 0.0016666667 0.0033333333
0.0166666667 0.0016666667 0.0008333333
0.0166666667 0.0016666667 0.0025000000
0.0166666667 0.0016666667 0.0050000000
0.0166666667 0.0016666667 0.0066666667
0.0166666667 0.0016666667 0.0100000000
0.0166666667 0.0016666667 0.0166666667
0.0166666667 0.0025000000 0.0033333333
0.0166666667 0.0025000000 0.0016666667
0.0166666667 0.0025000000 0.0025000000
0.0166666667 0.0025000000 0.0050000000
0.0166666667 0.0025000000 0.0066666667
0.0166666667 0.0025000000 0.0100000000
0.0166666667 0.0025000000 0.0166666667
0.0166666667 0.0050000000 0.0033333333
0.0166666667 0.0050000000 0.0008333333
0.0166666667 0.0050000000 0.0016666667
0.0166666667 0.0050000000 0.0025000000
0.0166666667 0.0050000000 0.0050000000
0.0166666667 0.0050000000 0.0066666667
0.0166666667 0.0050000000 0.0100000000
0.0166666667 0.0050000000 0.0166666667
0.0166666667 0.0066666667 0.0033333333
0.0166666667 0.0066666667 0.0008333333
0.0166666667 0.0066666667 0.0016666667
0.0166666667 0.0066666667 0.0025000000
0.0166666667 0.0066666667 0.0050000000
0.0166666667 0.0066666667 0.0100000000
0.0166666667 0.0066666667 0.0166666667
0.0166666667 0.0100000000 0.0008333333
0.0166666667 0.0100000000 0.0016666667
0.0166666667 0.0100000000 0.0025000000
0.0166666667 0.0100000000 0.0050000000
0.0166666667 0.0100000000 0.0066666667
0.0166666667 0.0100000000 0.0100000000
0.0166666667 0.0100000000 0.0166666667
0.0066666667 0.0100000000 0.0333333333
0.0066666667 0.0333333333 0.0100000000
0.0100000000 0.0066666667 0.0333333333
0.0100000000 0.0333333333 0.0066666667
0.0333333333 0.0066666667 0.0100000000
0.0333333333 0.0100000000 0.0066666667
0.0333333333 0.0333333333 0.0333333333
0.0333333333 0.0333333333 0.0033333333
0.0333333333 0.0333333333 0.0008333333
0.0333333333 0.0333333333 0.0016666667
0.0333333333 0.0333333333 0.0025000000
0.0333333333 0.0333333333 0.0050000000
0.0333333333 0.0333333333 0.0066666667
0.0333333333 0.0333333333 0.0100000000
0.0333333333 0.0333333333 0.0166666667
0.0333333333 0.0033333333 0.0033333333
0.0333333333 0.0033333333 0.0008333333
0.0333333333 0.0033333333 0.0016666667
0.0333333333 0.0033333333 0.0025000000
0.0333333333 0.0033333333 0.0050000000
0.0333333333 0.0033333333 0.0066666667
0.0333333333 0.0033333333 0.0100000000
0.0333333333 0.0033333333 0.0166666667
0.0333333333 0.0033333333 0.0333333333
0.0333333333 0.0033333333 0.0500000000
0.0333333333 0.0008333333 0.0033333333
0.0333333333 0.0008333333 0.0008333333
0.0333333333 0.0008333333 0.0016666667
0.0333333333 0.0008333333 0.0025000000
0.0333333333 0.0008333333 0.0050000000
0.0333333333 0.0008333333 0.0066666667
0.0333333333 0.0008333333 0.0100000000
0.0333333333 0.0008333333 0.0166666667
0.0333333333 0.0008333333 0.0333333333
0.0333333333 0.0008333333 0.0500000000
0.0333333333 0.0016666667 0.0033333333
0.0333333333 0.0016666667 0.0008333333
0.0333333333 0.0016666667 0.0016666667
0.0333333333 0.0016666667 0.0025000000
0.0333333333 0.0016666667 0.0050000000
0.0333333333 0.0016666667 0.0066666667
0.0333333333 0.0016666667 0.0100000000
0.0333333333 0.0016666667 0.0166666667
0.0333333333 0.0016666667 0.0333333333
0.0333333333 0.0016666667 0.0500000000
0.0333333333 0.0025000000 0.0033333333
0.0333333333 0.0025000000 0.0008333333
0.0333333333 0.0025000000 0.0016666667
0.0333333333 0.0025000000 0.0025000000
0.0333333333 0.0025000000 0.0050000000
0.0333333333 0.0025000000 0.0066666667
0.0333333333 0.0025000000 0.0100000000
0.0333333333 0.0025000000 0.0166666667
0.0333333333 0.0025000000 0.0333333333
0.0333333333 0.0025000000 0.0500000000
0.0333333333 0.0050000000 0.0033333333
0.0333333333 0.0050000000 0.0008333333
0.0333333333 0.0050000000 0.0016666667
0.0333333333 0.0050000000 0.0025000000
0.0333333333 0.0050000000 0.0050000000
0.0333333333 0.0050000000 0.0066666667
0.0333333333 0.0050000000 0.0100000000
0.0333333333 0.0050000000 0.0166666667
0.0333333333 0.0050000000 0.0333333333
0.0333333333 0.0050000000 0.0500000000
0.0333333333 0.0066666667 0.0033333333
0.0333333333 0.0066666667 0.0008333333
0.0333333333 0.0066666667 0.0016666667
0.0333333333 0.0066666667 0.0025000000
0.0333333333 0.0066666667 0.0050000000
0.0333333333 0.0066666667 0.0066666667
0.0333333333 0.0066666667 0.0166666667
0.0333333333 0.0066666667 0.0333333333
0.0333333333 0.0066666667 0.0500000000
0.0333333333 0.0100000000 0.0033333333
0.0333333333 0.0100000000 0.0008333333
0.0333333333 0.0100000000 0.0016666667
0.0333333333 0.0100000000 0.0025000000
0.0333333333 0.0100000000 0.0050000000
0.0333333333 0.0100000000 0.0100000000
0.0333333333 0.0100000000 0.0166666667
0.0333333333 0.0100000000 0.0333333333
0.0333333333 0.0100000000 0.0500000000
0.0333333333 0.0166666667 0.0033333333
0.0333333333 0.0166666667 0.0008333333
0.0333333333 0.0166666667 0.0016666667
0.0333333333 0.0166666667 0.0025000000
0.0333333333 0.0166666667 0.0050000000
0.0333333333 0.0166666667 0.0066666667
0.0333333333 0.0166666667 0.0100000000
0.0333333333 0.0166666667 0.0166666667
0.0333333333 0.0166666667 0.0333333333
0.0333333333 0.0500000000 0.0033333333
0.0333333333 0.0500000000 0.0008333333
0.0333333333 0.0500000000 0.0016666667
0.0333333333 0.0500000000 0.0025000000
0.0333333333 0.0500000000 0.0050000000
0.0333333333 0.0500000000 0.0066666667
0.0333333333 0.0500000000 0.0100000000
0.0166666667 0.0333333333 0.0500000000
0.0166666667 0.0500000000 0.0333333333
0.0333333333 0.0166666667 0.0500000000
0.0333333333 0.0500000000 0.0166666667
0.0500000000 0.0166666667 0.0333333333
0.0500000000 0.0333333333 0.0166666667
0.0833333333 0.0833333333 0.0833333333
0.0833333333 0.0833333333 0.0033333333
0.0833333333 0.0833333333 0.0008333333
0.0833333333 0.0833333333 0.0016666667
0.0833333333 0.0833333333 0.0025000000
0.0833333333 0.0833333333 0.0050000000
0.0833333333 0.0833333333 0.0066666667
0.0833333333 0.0833333333 0.0100000000
0.0833333333 0.0833333333 0.0166666667
0.0833333333 0.0833333333 0.0333333333
0.0833333333 0.0833333333 0.0500000000
0.0833333333 0.0033333333 0.0033333333
0.0833333333 0.0033333333 0.0008333333
0.0833333333 0.0033333333 0.0016666667
0.0833333333 0.0033333333 0.0025000000
0.0833333333 0.0033333333 0.0050000000
0.0833333333 0.0033333333 0.0066666667
0.0833333333 0.0033333333 0.0100000000
0.0833333333 0.0033333333 0.0166666667
0.0833333333 0.0033333333 0.0333333333
0.0833333333 0.0033333333 0.0500000000
0.0833333333 0.0033333333 0.1000000000
0.0833333333 0.0008333333 0.0033333333
0.0833333333 0.0008333333 0.0008333333
0.0833333333 0.0008333333 0.0016666667
0.0833333333 0.0008333333 0.0025000000
0.0833333333 0.0008333333 0.0050000000
0.0833333333 0.0008333333 0.0066666667
0.0833333333 0.0008333333 0.0100000000
0.0833333333 0.0008333333 0.0166666667
0.0833333333 0.0008333333 0.0333333333
0.0833333333 0.0008333333 0.0500000000
0.0833333333 0.0008333333 0.1000000000
0.0833333333 0.0016666667 0.0033333333
0.0833333333 0.0016666667 0.0008333333
0.0833333333 0.0016666667 0.0016666667
0.0833333333 0.0016666667 0.0025000000
0.0833333333 0.0016666667 0.0050000000
0.0833333333 0.0016666667 0.0066666667
0.0833333333 0.0016666667 0.0100000000
0.0833333333 0.0016666667 0.0166666667
0.0833333333 0.0016666667 0.0333333333
0.0833333333 0.0016666667 0.0500000000
0.0833333333 0.0016666667 0.1000000000
0.0833333333 0.0025000000 0.0033333333
0.0833333333 0.0025000000 0.0008333333
0.0833333333 0.0025000000 0.0016666667
0.0833333333 0.0025000000 0.0025000000
0.0833333333 0.0025000000 0.0050000000
0.0833333333 0.0025000000 0.0066666667
0.0833333333 0.0025000000 0.0100000000
0.0833333333 0.0025000000 0.0166666667
0.0833333333 0.0025000000 0.0333333333
0.0833333333 0.0025000000 0.0500000000
0.0833333333 0.0025000000 0.1000000000
0.0833333333 0.0050000000 0.0033333333
0.0833333333 0.0050000000 0.0008333333
0.0833333333 0.0050000000 0.0016666667
0.0833333333 0.0050000000 0.0025000000
0.0833333333 0.0050000000 0.0050000000
0.0833333333 0.0050000000 0.0066666667
0.0833333333 0.0050000000 0.0100000000
0.0833333333 0.0050000000 0.0166666667
0.0833333333 0.0050000000 0.0333333333
0.0833333333 0.0050000000 0.0500000000
0.0833333333 0.0050000000 0.1000000000
0.0833333333 0.0066666667 0.0033333333
0.0833333333 0.0066666667 0.0008333333
0.0833333333 0.0066666667 0.0016666667
0.0833333333 0.0066666667 0.0025000000
0.0833333333 0.0066666667 0.0050000000
0.0833333333 0.0066666667 0.0066666667
0.0833333333 0.0066666667 0.0100000000
0.0833333333 0.0066666667 0.0166666667
0.0833333333 0.0066666667 0.0333333333
0.0833333333 0.0066666667 0.0500000000
0.0833333333 0.0066666667 0.1000000000
0.0833333333 0.0100000000 0.0033333333
0.0833333333 0.0100000000 0.0008333333
0.0833333333 0.0100000000 0.0016666667
0.0833333333 0.0100000000 0.0025000000
0.0833333333 0.0100000000 0.0050000000
0.0833333333 0.0100000000 0.0066666667
0.0833333333 0.0100000000 0.0100000000
0.0833333333 0.0100000000 0.0166666667
0.0833333333 0.0100000000 0.0333333333
0.0833333333 0.0100000000 0.0500000000
0.0833333333 0.0100000000 0.1000000000
0.0833333333 0.0166666667 0.0033333333
0.0833333333 0.0166666667 0.0008333333
0.0833333333 0.0166666667 0.0016666667
0.0833333333 0.0166666667 0.0025000000
0.0833333333 0.0166666667 0.0050000000
0.0833333333 0.0166666667 0.0066666667
0.0833333333 0.0166666667 0.0100000000
0.0833333333 0.0166666667 0.0166666667
0.0833333333 0.0166666667 0.0333333333
0.0833333333 0.0166666667 0.0500000000
0.0833333333 0.0166666667 0.1000000000
0.0833333333 0.0333333333 0.0033333333
0.0833333333 0.0333333333 0.0008333333
0.0833333333 0.0333333333 0.0016666667
0.0833333333 0.0333333333 0.0025000000
0.0833333333 0.0333333333 0.0050000000
0.0833333333 0.0333333333 0.0066666667
0.0833333333 0.0333333333 0.0100000000
0.0833333333 0.0333333333 0.0166666667
0.0833333333 0.0333333333 0.0333333333
0.0833333333 0.0333333333 0.0500000000
0.0833333333 0.0333333333 0.1000000000
0.0833333333 0.0500000000 0.0033333333
0.0833333333 0.0500000000 0.0008333333
0.0833333333 0.0500000000 0.0016666667
0.0833333333 0.0500000000 0.0025000000
0.0833333333 0.0500000000 0.0050000000
0.0833333333 0.0500000000 0.0066666667
0.0833333333 0.0500000000 0.0100000000
0.0833333333 0.0500000000 0.0166666667
0.0833333333 0.0500000000 0.0333333333
0.0833333333 0.0500000000 0.0500000000
0.0833333333 0.0500000000 0.1000000000
0.0833333333 0.1000000000 0.0033333333
0.0833333333 0.1000000000 0.0008333333
0.0833333333 0.1000000000 0.0016666667
0.0833333333 0.1000000000 0.0025000000
0.0833333333 0.1000000000 0.0050000000
0.0833333333 0.1000000000 0.0066666667
0.0833333333 0.1000000000 0.0100000000
0.0833333333 0.1000000000 0.0166666667
0.0833333333 0.1000000000 0.0333333333
0.0833333333 0.1000000000 0.0500000000
0.0500000000 0.1000000000 0.1000000000
0.1000000000 0.0500000000 0.1000000000
0.1000000000 0.1000000000 0.0500000000
0.1666666667 0.1666666667 0.1666666667
0.1666666667 0.1666666667 0.0033333333
0.1666666667 0.1666666667 0.0008333333
0.1666666667 0.1666666667 0.0016666667
0.1666666667 0.1666666667 0.0025000000
0.1666666667 0.1666666667 0.0050000000
0.1666666667 0.1666666667 0.0066666667
0.1666666667 0.1666666667 0.0100000000
0.1666666667 0.1666666667 0.0166666667
0.1666666667 0.1666666667 0.0333333333
0.1666666667 0.1666666667 0.0500000000
0.1666666667 0.1666666667 0.1000000000
0.1666666667 0.0033333333 0.2500000000
0.1666666667 0.0033333333 0.0033333333
0.1666666667 0.0033333333 0.0008333333
0.1666666667 0.0033333333 0.0016666667
0.1666666667 0.0033333333 0.0025000000
0.1666666667 0.0033333333 0.0050000000
0.1666666667 0.0033333333 0.0066666667
0.1666666667 0.0033333333 0.0100000000
0.1666666667 0.0033333333 0.0166666667
0.1666666667 0.0033333333 0.0333333333
0.1666666667 0.0033333333 0.0500000000
0.1666666667 0.0033333333 0.1000000000
0.1666666667 0.0008333333 0.2500000000
0.1666666667 0.0008333333 0.0033333333
0.1666666667 0.0008333333 0.0008333333
0.1666666667 0.0008333333 0.0016666667
0.1666666667 0.0008333333 0.0025000000
0.1666666667 0.0008333333 0.0050000000
0.1666666667 0.0008333333 0.0066666667
0.1666666667 0.0008333333 0.0100000000
0.1666666667 0.0008333333 0.0166666667
0.1666666667 0.0008333333 0.0333333333
0.1666666667 0.0008333333 0.0500000000
0.1666666667 0.0008333333 0.1000000000
0.1666666667 0.0016666667 0.2500000000
0.1666666667 0.0016666667 0.0033333333
0.1666666667 0.0016666667 0.0008333333
0.1666666667 0.0016666667 0.0016666667
0.1666666667 0.0016666667 0.0025000000
0.1666666667 0.0016666667 0.0050000000
0.1666666667 0.0016666667 0.0066666667
0.1666666667 0.0016666667 0.0100000000
0.1666666667 0.0016666667 0.0166666667
0.1666666667 0.0016666667 0.0333333333
0.1666666667 0.0016666667 0.0500000000
0.1666666667 0.0016666667 0.1000000000
0.1666666667 0.0025000000 0.2500000000
0.1666666667 0.0025000000 0.0033333333
0.1666666667 0.0025000000 0.0008333333
0.1666666667 0.0025000000 0.0016666667
0.1666666667 0.0025000000 0.0025000000
0.1666666667 0.0025000000 0.0050000000
0.1666666667 0.0025000000 0.0066666667
0.1666666667 0.0025000000 0.0100000000
0.1666666667 0.0025000000 0.0166666667
0.1666666667 0.0025000000 0.0333333333
0.1666666667 0.0025000000 0.0500000000
0.1666666667 0.0025000000 0.1000000000
0.1666666667 0.0050000000 0.2500000000
0.1666666667 0.0050000000 0.0033333333
0.1666666667 0.0050000000 0.0008333333
0.1666666667 0.0050000000 0.0016666667
0.1666666667 0.0050000000 0.0025000000
0.1666666667 0.0050000000 0.0050000000
0.1666666667 0.0050000000 0.0066666667
0.1666666667 0.0050000000 0.0100000000
0.1666666667 0.0050000000 0.0166666667
0.1666666667 0.0050000000 0.0333333333
0.1666666667 0.0050000000 0.0500000000
0.1666666667 0.0050000000 0.1000000000
0.1666666667 0.0066666667 0.2500000000
0.1666666667 0.0066666667 0.0033333333
0.1666666667 0.0066666667 0.0008333333
0.1666666667 0.0066666667 0.0016666667
0.1666666667 0.0066666667 0.0025000000
0.1666666667 0.0066666667 0.0050000000
0.1666666667 0.0066666667 0.0066666667
0.1666666667 0.0066666667 0.0100000000
0.1666666667 0.0066666667 0.0166666667
0.1666666667 0.0066666667 0.0333333333
0.1666666667 0.0066666667 0.0500000000
0.1666666667 0.0066666667 0.1000000000
0.1666666667 0.0100000000 0.2500000000
0.1666666667 0.0100000000 0.0033333333
0.1666666667 0.0100000000 0.0008333333
0.1666666667 0.0100000000 0.0016666667
0.1666666667 0.0100000000 0.0025000000
0.1666666667 0.0100000000 0.0050000000
0.1666666667 0.0100000000 0.0066666667
0.1666666667 0.0100000000 0.0100000000
0.1666666667 0.0100000000 0.0166666667
0.1666666667 0.0100000000 0.0333333333
0.1666666667 0.0100000000 0.0500000000
0.1666666667 0.0100000000 0.1000000000
0.1666666667 0.0166666667 0.2500000000
0.1666666667 0.0166666667 0.0033333333
0.1666666667 0.0166666667 0.0008333333
0.1666666667 0.0166666667 0.0016666667
0.1666666667 0.0166666667 0.0025000000
0.1666666667 0.0166666667 0.0050000000
0.1666666667 0.0166666667 0.0066666667
0.1666666667 0.0166666667 0.0100000000
0.1666666667 0.0166666667 0.0166666667
0.1666666667 0.0166666667 0.0333333333
0.1666666667 0.0166666667 0.0500000000
0.1666666667 0.0166666667 0.1000000000
0.1666666667 0.0333333333 0.2500000000
0.1666666667 0.0333333333 0.0033333333
0.1666666667 0.0333333333 0.0008333333
0.1666666667 0.0333333333 0.0016666667
0.1666666667 0.0333333333 0.0025000000
0.1666666667 0.0333333333 0.0050000000
0.1666666667 0.0333333333 0.0066666667
0.1666666667 0.0333333333 0.0100000000
0.1666666667 0.0333333333 0.0166666667
0.1666666667 0.0333333333 0.0333333333
0.1666666667 0.0333333333 0.0500000000
0.1666666667 0.0333333333 0.1000000000
0.1666666667 0.0500000000 0.2500000000
0.1666666667 0.0500000000 0.0033333333
0.1666666667 0.0500000000 0.0008333333
0.1666666667 0.0500000000 0.0016666667
0.1666666667 0.0500000000 0.0025000000
0.1666666667 0.0500000000 0.0050000000
0.1666666667 0.0500000000 0.0066666667
0.1666666667 0.0500000000 0.0100000000
0.1666666667 0.0500000000 0.0166666667
0.1666666667 0.0500000000 0.0333333333
0.1666666667 0.0500000000 0.0500000000
0.1666666667 0.0500000000 0.1000000000
0.1666666667 0.1000000000 0.0033333333
0.1666666667 0.1000000000 0.0008333333
0.1666666667 0.1000000000 0.0016666667
0.1666666667 0.1000000000 0.0025000000
0.1666666667 0.1000000000 0.0050000000
0.1666666667 0.1000000000 0.0066666667
0.1666666667 0.1000000000 0.0100000000
0.1666666667 0.1000000000 0.0166666667
0.1666666667 0.1000000000 0.0333333333
0.1666666667 0.1000000000 0.0500000000
0.1666666667 0.1000000000 0.1000000000
0.1666666667 0.2500000000 0.0033333333
0.1666666667 0.2500000000 0.0008333333
0.1666666667 0.2500000000 0.0016666667
0.1666666667 0.2500000000 0.0025000000
0.1666666667 0.2500000000 0.0050000000
0.1666666667 0.2500000000 0.0066666667
0.1666666667 0.2500000000 0.0100000000
0.1666666667 0.2500000000 0.0166666667
0.1666666667 0.2500000000 0.0333333333
0.1666666667 0.2500000000 0.0500000000
0.0033333333 0.2500000000 0.0033333333
0.0033333333 0.2500000000 0.0008333333
0.0033333333 0.2500000000 0.0016666667
0.0033333333 0.2500000000 0.0025000000
0.0033333333 0.2500000000 0.0050000000
0.0033333333 0.2500000000 0.0066666667
0.0033333333 0.2500000000 0.0100000000
0.0033333333 0.2500000000 0.0166666667
0.0033333333 0.2500000000 0.0333333333
0.0033333333 0.2500000000 0.0500000000
0.0033333333 0.2500000000 0.1000000000
0.0033333333 0.0033333333 0.2500000000
0.0033333333 0.0008333333 0.2500000000
0.0033333333 0.0016666667 0.2500000000
0.0033333333 0.0025000000 0.2500000000
0.0033333333 0.0050000000 0.2500000000
0.0033333333 0.0066666667 0.2500000000
0.0033333333 0.0100000000 0.2500000000
0.0033333333 0.0166666667 0.2500000000
0.0033333333 0.0333333333 0.2500000000
0.0033333333 0.0500000000 0.2500000000
0.0033333333 0.1000000000 0.2500000000
0.0008333333 0.2500000000 0.0033333333
0.0008333333 0.2500000000 0.0008333333
0.0008333333 0.2500000000 0.0016666667
0.0008333333 0.2500000000 0.0025000000
0.0008333333 0.2500000000 0.0050000000
0.0008333333 0.2500000000 0.0066666667
0.0008333333 0.2500000000 0.0100000000
0.0008333333 0.2500000000 0.0166666667
0.0008333333 0.2500000000 0.0333333333
0.0008333333 0.2500000000 0.0500000000
0.0008333333 0.2500000000 0.1000000000
0.0008333333 0.0033333333 0.2500000000
0.0008333333 0.0008333333 0.2500000000
0.0008333333 0.0016666667 0.2500000000
0.0008333333 0.0025000000 0.2500000000
0.0008333333 0.0050000000 0.2500000000
0.0008333333 0.0066666667 0.2500000000
0.0008333333 0.0100000000 0.2500000000
0.0008333333 0.0166666667 0.2500000000
0.0008333333 0.0333333333 0.2500000000
0.0008333333 0.0500000000 0.2500000000
0.0008333333 0.1000000000 0.2500000000
0.0016666667 0.2500000000 0.0033333333
0.0016666667 0.2500000000 0.0008333333
0.0016666667 0.2500000000 0.0016666667
0.0016666667 0.2500000000 0.0025000000
0.0016666667 0.2500000000 0.0050000000
0.0016666667 0.2500000000 0.0066666667
0.0016666667 0.2500000000 0.0100000000
0.0016666667 0.2500000000 0.0166666667
0.0016666667 0.2500000000 0.0333333333
0.0016666667 0.2500000000 0.0500000000
0.0016666667 0.2500000000 0.1000000000
0.0016666667 0.0033333333 0.2500000000
0.0016666667 0.0008333333 0.2500000000
0.0016666667 0.0016666667 0.2500000000
0.0016666667 0.0025000000 0.2500000000
0.0016666667 0.0050000000 0.2500000000
0.0016666667 0.0066666667 0.2500000000
0.0016666667 0.0100000000 0.2500000000
0.0016666667 0.0166666667 0.2500000000
0.0016666667 0.0333333333 0.2500000000
0.0016666667 0.0500000000 0.2500000000
0.0016666667 0.1000000000 0.2500000000
0.0025000000 0.2500000000 0.0033333333
0.0025000000 0.2500000000 0.0008333333
0.0025000000 0.2500000000 0.0016666667
0.0025000000 0.2500000000 0.0025000000
0.0025000000 0.2500000000 0.0050000000
0.0025000000 0.2500000000 0.0066666667
0.0025000000 0.2500000000 0.0100000000
0.0025000000 0.2500000000 0.0166666667
0.0025000000 0.2500000000 0.0333333333
0.0025000000 0.2500000000 0.0500000000
0.0025000000 0.2500000000 0.1000000000
0.0025000000 0.0033333333 0.2500000000
0.0025000000 0.0008333333 0.2500000000
0.0025000000 0.0016666667 0.2500000000
0.0025000000 0.0025000000 0.2500000000
0.0025000000 0.0050000000 0.2500000000
0.0025000000 0.0066666667 0.2500000000
0.0025000000 0.0100000000 0.2500000000
0.0025000000 0.0166666667 0.2500000000
0.0025000000 0.0333333333 0.2500000000
0.0025000000 0.0500000000 0.2500000000
0.0025000000 0.1000000000 0.2500000000
0.0050000000 0.2500000000 0.0033333333
0.0050000000 0.2500000000 0.0008333333
0.0050000000 0.2500000000 0.0016666667
0.0050000000 0.2500000000 0.0025000000
0.0050000000 0.2500000000 0.0050000000
0.0050000000 0.2500000000 0.0066666667
0.0050000000 0.2500000000 0.0100000000
0.0050000000 0.2500000000 0.0166666667
0.0050000000 0.2500000000 0.0333333333
0.0050000000 0.2500000000 0.0500000000
0.0050000000 0.2500000000 0.1000000000
0.0050000000 0.0033333333 0.2500000000
0.0050000000 0.0008333333 0.2500000000
0.0050000000 0.0016666667 0.2500000000
0.0050000000 0.0025000000 0.2500000000
0.0050000000 0.0050000000 0.2500000000
0.0050000000 0.0066666667 0.2500000000
0.0050000000 0.0100000000 0.2500000000
0.0050000000 0.0166666667 0.2500000000
0.0050000000 0.0333333333 0.2500000000
0.0050000000 0.0500000000 0.2500000000
0.0050000000 0.1000000000 0.2500000000
0.0066666667 0.2500000000 0.0033333333
0.0066666667 0.2500000000 0.0008333333
0.0066666667 0.2500000000 0.0016666667
0.0066666667 0.2500000000 0.0025000000
0.0066666667 0.2500000000 0.0050000000
0.0066666667 0.2500000000 0.0066666667
0.0066666667 0.2500000000 0.0100000000
0.0066666667 0.2500000000 0.0166666667
0.0066666667 0.2500000000 0.0333333333
0.0066666667 0.2500000000 0.0500000000
0.0066666667 0.2500000000 0.1000000000
0.0066666667 0.0033333333 0.2500000000
0.0066666667 0.0008333333 0.2500000000
0.0066666667 0.0016666667 0.2500000000
0.0066666667 0.0025000000 0.2500000000
0.0066666667 0.0050000000 0.2500000000
0.0066666667 0.0066666667 0.2500000000
0.0066666667 0.0100000000 0.2500000000
0.0066666667 0.0166666667 0.2500000000
0.0066666667 0.0333333333 0.2500000000
0.0066666667 0.0500000000 0.2500000000
0.0066666667 0.1000000000 0.2500000000
0.0100000000 0.2500000000 0.0033333333
0.0100000000 0.2500000000 0.0008333333
0.0100000000 0.2500000000 0.0016666667
0.0100000000 0.2500000000 0.0025000000
0.0100000000 0.2500000000 0.0050000000
0.0100000000 0.2500000000 0.0066666667
0.0100000000 0.2500000000 0.0100000000
0.0100000000 0.2500000000 0.0166666667
0.0100000000 0.2500000000 0.0333333333
0.0100000000 0.2500000000 0.0500000000
0.0100000000 0.2500000000 0.1000000000
0.0100000000 0.0033333333 0.2500000000
0.0100000000 0.0008333333 0.2500000000
0.0100000000 0.0016666667 0.2500000000
0.0100000000 0.0025000000 0.2500000000
0.0100000000 0.0050000000 0.2500000000
0.0100000000 0.0066666667 0.2500000000
0.0100000000 0.0100000000 0.2500000000
0.0100000000 0.0166666667 0.2500000000
0.0100000000 0.0333333333 0.2500000000
0.0100000000 0.0500000000 0.2500000000
0.0100000000 0.1000000000 0.2500000000
0.0166666667 0.2500000000 0.0033333333
0.0166666667 0.2500000000 0.0008333333
0.0166666667 0.2500000000 0.0016666667
0.0166666667 0.2500000000 0.0025000000
0.0166666667 0.2500000000 0.0050000000
0.0166666667 0.2500000000 0.0066666667
0.0166666667 0.2500000000 0.0100000000
0.0166666667 0.2500000000 0.0166666667
0.0166666667 0.2500000000 0.0333333333
0.0166666667 0.2500000000 0.0500000000
0.0166666667 0.2500000000 0.1000000000
0.0166666667 0.0033333333 0.2500000000
0.0166666667 0.0008333333 0.2500000000
0.0166666667 0.0016666667 0.2500000000
0.0166666667 0.0025000000 0.2500000000
0.0166666667 0.0050000000 0.2500000000
0.0166666667 0.0066666667 0.2500000000
0.0166666667 0.0100000000 0.2500000000
0.0166666667 0.0166666667 0.2500000000
0.0166666667 0.0333333333 0.2500000000
0.0166666667 0.0500000000 0.2500000000
0.0166666667 0.1000000000 0.2500000000
0.0333333333 0.2500000000 0.0033333333
0.0333333333 0.2500000000 0.0008333333
0.0333333333 0.2500000000 0.0016666667
0.0333333333 0.2500000000 0.0025000000
0.0333333333 0.2500000000 0.0050000000
0.0333333333 0.2500000000 0.0066666667
0.0333333333 0.2500000000 0.0100000000
0.0333333333 0.2500000000 0.0166666667
0.0333333333 0.2500000000 0.0333333333
0.0333333333 0.2500000000 0.0500000000
0.0333333333 0.2500000000 0.1000000000
0.0333333333 0.0033333333 0.2500000000
0.0333333333 0.0008333333 0.2500000000
0.0333333333 0.0016666667 0.2500000000
0.0333333333 0.0025000000 0.2500000000
0.0333333333 0.0050000000 0.2500000000
0.0333333333 0.0066666667 0.2500000000
0.0333333333 0.0100000000 0.2500000000
0.0333333333 0.0166666667 0.2500000000
0.0333333333 0.0333333333 0.2500000000
0.0333333333 0.0500000000 0.2500000000
0.0333333333 0.1000000000 0.2500000000
0.0500000000 0.2500000000 0.0033333333
0.0500000000 0.2500000000 0.0008333333
0.0500000000 0.2500000000 0.0016666667
0.0500000000 0.2500000000 0.0025000000
0.0500000000 0.2500000000 0.0050000000
0.0500000000 0.2500000000 0.0066666667
0.0500000000 0.2500000000 0.0100000000
0.0500000000 0.2500000000 0.0166666667
0.0500000000 0.2500000000 0.0333333333
0.0500000000 0.2500000000 0.0500000000
0.0500000000 0.2500000000 0.1000000000
0.0500000000 0.0033333333 0.2500000000
0.0500000000 0.0008333333 0.2500000000
0.0500000000 0.0016666667 0.2500000000
0.0500000000 0.0025000000 0.2500000000
0.0500000000 0.0050000000 0.2500000000
0.0500000000 0.0066666667 0.2500000000
0.0500000000 0.0100000000 0.2500000000
0.0500000000 0.0166666667 0.2500000000
0.0500000000 0.0333333333 0.2500000000
0.0500000000 0.0500000000 0.2500000000
0.0500000000 0.1000000000 0.2500000000
0.1000000000 0.2500000000 0.0033333333
0.1000000000 0.2500000000 0.0008333333
0.1000000000 0.2500000000 0.0016666667
0.1000000000 0.2500000000 0.0025000000
0.1000000000 0.2500000000 0.0050000000
0.1000000000 0.2500000000 0.0066666667
0.1000000000 0.2500000000 0.0100000000
0.1000000000 0.2500000000 0.0166666667
0.1000000000 0.2500000000 0.0333333333
0.1000000000 0.2500000000 0.0500000000
0.1000000000 0.2500000000 0.1000000000
0.1000000000 0.0033333333 0.2500000000
0.1000000000 0.0008333333 0.2500000000
0.1000000000 0.0016666667 0.2500000000
0.1000000000 0.0025000000 0.2500000000
0.1000000000 0.0050000000 0.2500000000
0.1000000000 0.0066666667 0.2500000000
0.1000000000 0.0100000000 0.2500000000
0.1000000000 0.0166666667 0.2500000000
0.1000000000 0.0333333333 0.2500000000
0.1000000000 0.0500000000 0.2500000000
0.1000000000 0.1000000000 0.2500000000
0.2233333333 0.2233333333 0.2233333333
0.2233333333 0.2233333333 0.0033333333
0.2233333333 0.2233333333 0.0008333333
0.2233333333 0.2233333333 0.0016666667
0.2233333333 0.2233333333 0.0025000000
0.2233333333 0.2233333333 0.0050000000
0.2233333333 0.2233333333 0.0066666667
0.2233333333 0.2233333333 0.0100000000
0.2233333333 0.2233333333 0.0166666667
0.2233333333 0.2233333333 0.0333333333
0.2233333333 0.2233333333 0.0500000000
0.2233333333 0.2233333333 0.1000000000
0.2233333333 0.0033333333 0.2500000000
0.2233333333 0.0033333333 0.0033333333
0.2233333333 0.0033333333 0.0008333333
0.2233333333 0.0033333333 0.0016666667
0.2233333333 0.0033333333 0.0025000000
0.2233333333 0.0033333333 0.0050000000
0.2233333333 0.0033333333 0.0066666667
0.2233333333 0.0033333333 0.0100000000
0.2233333333 0.0033333333 0.0166666667
0.2233333333 0.0033333333 0.0333333333
0.2233333333 0.0033333333 0.0500000000
0.2233333333 0.0033333333 0.1000000000
0.2233333333 0.0008333333 0.2500000000
0.2233333333 0.0008333333 0.0033333333
0.2233333333 0.0008333333 0.0008333333
0.2233333333 0.0008333333 0.0016666667
0.2233333333 0.0008333333 0.0025000000
0.2233333333 0.0008333333 0.0050000000
0.2233333333 0.0008333333 0.0066666667
0.2233333333 0.0008333333 0.0100000000
0.2233333333 0.0008333333 0.0166666667
0.2233333333 0.0008333333 0.0333333333
0.2233333333 0.0008333333 0.0500000000
0.2233333333 0.0008333333 0.1000000000
0.2233333333 0.0016666667 0.2500000000
0.2233333333 0.0016666667 0.0033333333
0.2233333333 0.0016666667 0.0008333333
0.2233333333 0.0016666667 0.0016666667
0.2233333333 0.0016666667 0.0025000000
0.2233333333 0.0016666667 0.0050000000
0.2233333333 0.0016666667 0.0066666667
0.2233333333 0.0016666667 0.0100000000
0.2233333333 0.0016666667 0.0166666667
0.2233333333 0.0016666667 0.0333333333
0.2233333333 0.0016666667 0.0500000000
0.2233333333 0.0016666667 0.1000000000
0.2233333333 0.0025000000 0.2500000000
0.2233333333 0.0025000000 0.0033333333
0.2233333333 0.0025000000 0.0008333333
0.2233333333 0.0025000000 0.0016666667
0.2233333333 0.0025000000 0.0025000000
0.2233333333 0.0025000000 0.0050000000
0.2233333333 0.0025000000 0.0066666667
0.2233333333 0.0025000000 0.0100000000
0.2233333333 0.0025000000 0.0166666667
0.2233333333 0.0025000000 0.0333333333
0.2233333333 0.0025000000 0.0500000000
0.2233333333 0.0025000000 0.1000000000
0.2233333333 0.0050000000 0.2500000000
0.2233333333 0.0050000000 0.0033333333
0.2233333333 0.0050000000 0.0008333333
0.2233333333 0.0050000000 0.0016666667
0.2233333333 0.0050000000 0.0025000000
0.2233333333 0.0050000000 0.0050000000
0.2233333333 0.0050000000 0.0066666667
0.2233333333 0.0050000000 0.0100000000
0.2233333333 0.0050000000 0.0166666667
0.2233333333 0.0050000000 0.0333333333
0.2233333333 0.0050000000 0.0500000000
0.2233333333 0.0050000000 0.1000000000
0.2233333333 0.0066666667 0.2500000000
0.2233333333 0.0066666667 0.0033333333
0.2233333333 0.0066666667 0.0008333333
0.2233333333 0.0066666667 0.0016666667
0.2233333333 0.0066666667 0.0025000000
0.2233333333 0.0066666667 0.0050000000
0.2233333333 0.0066666667 0.0066666667
0.2233333333 0.0066666667 0.0100000000
0.2233333333 0.0066666667 0.0166666667
0.2233333333 0.0066666667 0.0333333333
0.2233333333 0.0066666667 0.0500000000
0.2233333333 0.0066666667 0.1000000000
0.2233333333 0.0100000000 0.2500000000
0.2233333333 0.0100000000 0.0033333333
0.2233333333 0.0100000000 0.0008333333
0.2233333333 0.0100000000 0.0016666667
0.2233333333 0.0100000000 0.0025000000
0.2233333333 0.0100000000 0.0050000000
0.2233333333 0.0100000000 0.0066666667
0.2233333333 0.0100000000 0.0100000000
0.2233333333 0.0100000000 0.0166666667
0.2233333333 0.0100000000 0.0333333333
0.2233333333 0.0100000000 0.0500000000
0.2233333333 0.0100000000 0.1000000000
0.2233333333 0.0166666667 0.2500000000
0.2233333333 0.0166666667 0.0033333333
0.2233333333 0.0166666667 0.0008333333
0.2233333333 0.0166666667 0.0016666667
0.2233333333 0.0166666667 0.0025000000
0.2233333333 0.0166666667 0.0050000000
0.2233333333 0.0166666667 0.0066666667
0.2233333333 0.0166666667 0.0100000000
0.2233333333 0.0166666667 0.0166666667
0.2233333333 0.0166666667 0.0333333333
0.2233333333 0.0166666667 0.0500000000
0.2233333333 0.0166666667 0.1000000000
0.2233333333 0.0333333333 0.2500000000
0.2233333333 0.0333333333 0.0033333333
0.2233333333 0.0333333333 0.0008333333
0.2233333333 0.0333333333 0.0016666667
0.2233333333 0.0333333333 0.0025000000
0.2233333333 0.0333333333 0.0050000000
0.2233333333 0.0333333333 0.0066666667
0.2233333333 0.0333333333 0.0100000000
0.2233333333 0.0333333333 0.0166666667
0.2233333333 0.0333333333 0.0333333333
0.2233333333 0.0333333333 0.0500000000
0.2233333333 0.0333333333 0.1000000000
0.2233333333 0.0500000000 0.2500000000
0.2233333333 0.0500000000 0.0033333333
0.2233333333 0.0500000000 0.0008333333
0.2233333333 0.0500000000 0.0016666667
0.2233333333 0.0500000000 0.0025000000
0.2233333333 0.0500000000 0.0050000000
0.2233333333 0.0500000000 0.0066666667
0.2233333333 0.0500000000 0.0100000000
0.2233333333 0.0500000000 0.0166666667
0.2233333333 0.0500000000 0.0333333333
0.2233333333 0.0500000000 0.0500000000
0.2233333333 0.0500000000 0.1000000000
0.2233333333 0.1000000000 0.2500000000
0.2233333333 0.1000000000 0.0033333333
0.2233333333 0.1000000000 0.0008333333
0.2233333333 0.1000000000 0.0016666667
0.2233333333 0.1000000000 0.0025000000
0.2233333333 0.1000000000 0.0050000000
0.2233333333 0.1000000000 0.0066666667
0.2233333333 0.1000000000 0.0100000000
0.2233333333 0.1000000000 0.0166666667
0.2233333333 0.1000000000 0.0333333333
0.2233333333 0.1000000000 0.0500000000
0.2233333333 0.1000000000 0.1000000000
0.2233333333 0.2500000000 0.0033333333
0.2233333333 0.2500000000 0.0008333333
0.2233333333 0.2500000000 0.0016666667
0.2233333333 0.2500000000 0.0025000000
0.2233333333 0.2500000000 0.0050000000
0.2233333333 0.2500000000 0.0066666667
0.2233333333 0.2500000000 0.0100000000
0.2233333333 0.2500000000 0.0166666667
0.2233333333 0.2500000000 0.0333333333
0.2233333333 0.2500000000 0.0500000000
0.2233333333 0.2500000000 0.1000000000
0.0033333333 0.2500000000 0.2500000000
0.0008333333 0.2500000000 0.2500000000
0.0016666667 0.2500000000 0.2500000000
0.0025000000 0.2500000000 0.2500000000
0.0050000000 0.2500000000 0.2500000000
0.0066666667 0.2500000000 0.2500000000
0.0100000000 0.2500000000 0.2500000000
0.0166666667 0.2500000000 0.2500000000
0.0333333333 0.2500000000 0.2500000000
0.0500000000 0.2500000000 0.2500000000
0.1000000000 0.2500000000 0.2500000000
0.2500000000 0.2500000000 0.0033333333
0.2500000000 0.2500000000 0.0008333333
0.2500000000 0.2500000000 0.0016666667
0.2500000000 0.2500000000 0.0025000000
0.2500000000 0.2500000000 0.0050000000
0.2500000000 0.2500000000 0.0066666667
0.2500000000 0.2500000000 0.0100000000
0.2500000000 0.2500000000 0.0166666667
0.2500000000 0.2500000000 0.0333333333
0.2500000000 0.2500000000 0.0500000000
0.2500000000 0.2500000000 0.1000000000
0.2500000000 0.0033333333 0.2500000000
0.2500000000 0.0008333333 0.2500000000
0.2500000000 0.0016666667 0.2500000000
0.2500000000 0.0025000000 0.2500000000
0.2500000000 0.0050000000 0.2500000000
0.2500000000 0.0066666667 0.2500000000
0.2500000000 0.0100000000 0.2500000000
0.2500000000 0.0166666667 0.2500000000
0.2500000000 0.0333333333 0.2500000000
0.2500000000 0.0500000000 0.2500000000
0.2500000000 0.1000000000 0.2500000000
